8.0.142635249.1|[16,-24,12,6,-11,3,3,-3,1]|1|2.6355494858076308060871435128175047519274903455921268875194407562770360727424399E-82
8.0.152695449.1|[16,-16,0,6,-5,3,0,-2,1]|1|1.2112934844776776383630700677432857182567268252062612930131320650664029034132814E-80
8.0.152695449.1|[16,-16,0,6,-5,3,0,-2,1]|2|2.1084395886461046448697148102540038015419922764737015100155526050216288581939519E-81
8.0.152695449.1|[16,-16,0,6,-5,3,0,-2,1]|3|5.3747119362804401597713568631895868079493616956532445923608057076196221079424212E-80
8.0.391881616.1|[16,-24,8,8,-10,4,2,-3,1]|1|9.8001694745000484506503377348537074841863176962905910006835581192306551218425209E-80
8.0.152695449.1|[16,-16,0,6,-5,3,0,-2,1]|4|6.1509993683756974076996272213196658180500999093804232600139051774334920057744839E-81
8.0.391881616.1|[16,-24,8,8,-10,4,2,-3,1]|2|9.0872130568138322443287728110783970084480064558773027578949449834187201326098618E-81
8.0.391881616.1|[16,-24,8,8,-10,4,2,-3,1]|3|3.5901804901152109874535242100539747705742729064700860772446306988195784383299559E-81
8.0.447703281.1|[16,-8,-8,4,3,2,-2,-1,1]|2|2.0383487789190753597392529843211120203511145788016294178011720101371965500859381E-80
8.0.142635249.1|[16,-24,12,6,-11,3,3,-3,1]|7|1.4167651396723895869273489345120755532698606490837906045230871654982197606099236E-80
8.0.391881616.1|[16,-24,8,8,-10,4,2,-3,1]|4|1.4137088424552740968245404762643884871679832984126872717676681069494354974713524E-80
8.0.447703281.1|[16,-8,-8,4,3,2,-2,-1,1]|3|7.1849545549565534153858772347321496817596219497939843050403790573730081002086460E-80
8.0.447703281.1|[16,-8,-8,4,3,2,-2,-1,1]|5|2.4861848413413981770530557765730587777025830627759921882659676854509819031703068E-81
8.0.562828176.1|[16,-16,4,4,-6,2,1,-2,1]|2|1.4865176663724226851618417325070868830454258572052388702837322820452906983979704E-81
8.0.624650049.1|[4,2,9,0,15,2,5,-1,1]|2|1.1694067051854789501973503360933342492075529102209981316711697330348251967260123E-82
8.0.562828176.1|[16,-16,4,4,-6,2,1,-2,1]|3|5.7454978790606351572699728579421603592019289533908366147923808486839386385785190E-80
8.0.447703281.1|[16,-8,-8,4,3,2,-2,-1,1]|7|2.1289302507649037129087085242141061117878615648154314447411170268946387907776117E-80
8.0.624650049.1|[4,2,9,0,15,2,5,-1,1]|3|5.6747885164462162578842610269040683818925060550577322899679692976358774786134537E-81
8.0.562828176.1|[16,-16,4,4,-6,2,1,-2,1]|4|4.2718671951820419553131189811797361818021883041489127377879199646527068071085724E-80
8.0.624650049.1|[4,2,9,0,15,2,5,-1,1]|6|2.2098418433495903082149730087164841299035983372321280990759765819852917987820272E-79
8.0.624650049.1|[4,2,9,0,15,2,5,-1,1]|7|1.0854369051974257062228012856060659468280529931247293280149120355737725976747903E-79
8.0.1898257761.1|[4,0,19,0,26,0,11,0,1]|1|5.6732307103222870747791800344453107407511933619758185258014221586307736633512772E-80
8.0.1898257761.1|[4,0,19,0,26,0,11,0,1]|2|5.9635677234153415569345506382381485853073254873847357174338530313979711080751100E-81
8.0.1898257761.1|[4,0,19,0,26,0,11,0,1]|3|1.6031421659017396203341401859921686431523812829770561183727101205442833615113012E-81
8.0.1898257761.1|[4,0,19,0,26,0,11,0,1]|4|1.1412051007285095384493280104542847781996620896657489144849705424929707635920327E-79
8.0.2091141441.1|[81,-27,9,9,-15,3,1,-1,1]|1|2.9526627697817227014413494748189491622090008213779449205818075114448945424124508E-82
8.0.2091141441.1|[81,-27,9,9,-15,3,1,-1,1]|2|2.8707130733952501702470884371299618210001606707397910879082584095085903374282886E-81
8.0.2091141441.1|[81,-27,9,9,-15,3,1,-1,1]|3|3.7399534468051503305826132369634434810741892643440465570580355605788886674837302E-78
8.0.2091141441.1|[81,-27,9,9,-15,3,1,-1,1]|4|4.4412415716217064316337405412264882517043010310443941765327908312132011238847062E-82
8.0.3318796881.1|[4,0,43,0,38,0,11,0,1]|1|1.7733301166946441509724611668810042747446656944921922470985208010523842198127275E-83
8.0.3098592225.1|[4,0,23,0,29,0,10,0,1]|2|1.3082027685192798394167370424674491366263683751531887279253483934220319752069189E-78
8.0.3318796881.1|[4,0,43,0,38,0,11,0,1]|2|2.0070085714358216002618517920834299400655063543659614775952321515004719492585199E-79
8.0.3098592225.1|[4,0,23,0,29,0,10,0,1]|3|2.0168687734939935969077319860908966813837074927367926532252166785565436614765485E-79
8.0.3318796881.1|[4,0,43,0,38,0,11,0,1]|3|1.1786535616660959410226615695399553544450315822477074115794107047743724739349763E-80
8.0.3098592225.1|[4,0,23,0,29,0,10,0,1]|4|1.4113951931647374151267289125330894289520298039353829072342893590829998680501700E-79
8.0.3318796881.1|[4,0,43,0,38,0,11,0,1]|4|4.3466595646108700755946643734028039304761659235175182326641486771517081469897077E-81
8.0.3755360961.1|[1,1,6,-5,24,-2,5,0,1]|1|1.8008273008660859704151127842667189911144824674733697018196783501062796272616187E-79
8.0.3755360961.1|[1,1,6,-5,24,-2,5,0,1]|4|1.2235240885005818537613829459517331999532936148283569292138245032579438035997478E-81
8.0.3755360961.1|[1,1,6,-5,24,-2,5,0,1]|5|1.5025777034466887858244356069400712367626402438348927222023535880426292369173420E-83
8.0.3755360961.1|[1,1,6,-5,24,-2,5,0,1]|7|2.8005741098066681484516285015341302450818597414856420438729024783792972749319355E-81
8.0.4922986896.1|[4,0,47,0,47,0,13,0,1]|1|1.4263067107556805768846347820264201569419566098620901539533285845536702464670491E-79
8.0.4922986896.1|[4,0,47,0,47,0,13,0,1]|2|3.7647167486806590801239232807689266563774287717003404037378347176392548130239948E-78
8.0.4922986896.1|[4,0,47,0,47,0,13,0,1]|3|7.8969567058931413543866368281444804460299676283928445027570286239230484232375514E-85
8.0.5677321104.1|[13,-52,108,-126,99,-46,20,-4,1]|1|4.8169467010668055622246870085540481627259994935089249045102912872880410900285133E-80
8.0.5677321104.1|[13,-52,108,-126,99,-46,20,-4,1]|2|1.1682048243535591707884896263534292992016759695926302510937186044138285381970193E-81
8.0.5808268944.1|[16,12,29,-7,24,-1,6,-1,1]|2|2.1870775227523714345704602694304637334951078584542763795821472348261918696512615E-82
8.0.5677321104.1|[13,-52,108,-126,99,-46,20,-4,1]|3|7.3188312350325432648868754328708050245109883567500391405494614339584980918898519E-79
8.0.5808268944.1|[16,12,29,-7,24,-1,6,-1,1]|3|6.4007101533020030960308565902257226797593071289473441071719390643328025007737816E-80
8.0.5677321104.1|[13,-52,108,-126,99,-46,20,-4,1]|4|5.3285264109727643097922747108203030339110179258874025359546798737595715276851393E-86
8.0.5808268944.1|[16,12,29,-7,24,-1,6,-1,1]|4|5.3117686423698649867065103676896272082972239680151749507476107236673388977843854E-81
8.0.5808268944.1|[16,12,29,-7,24,-1,6,-1,1]|6|1.4227188785083844107335129202287854464489403772193320138308170108271620707650040E-83
8.0.7798302864.1|[4,0,28,0,32,0,11,0,1]|1|1.7652217159770261076384694932116990920957965172921111310225964994650433312999614E-81
8.0.7296405561.1|[4,6,19,-7,29,4,9,-2,1]|2|1.7297318287031539473881329168295365975196257884712123441301483417422846460149974E-79
8.0.7798302864.1|[4,0,28,0,32,0,11,0,1]|2|2.2795598673933928301401703294230045486662727669643015779519980508166760552423443E-79
8.0.7296405561.1|[4,6,19,-7,29,4,9,-2,1]|3|1.2482014344574122648230855328582391088146147741503297039827378236797329039812648E-80
8.0.7798302864.1|[4,0,28,0,32,0,11,0,1]|3|1.3166706440214586920744245423369424226690106344715334805808598713633551830922060E-79
8.0.7296405561.1|[4,6,19,-7,29,4,9,-2,1]|5|9.8224156835397704390093600450141328484187594245207549487532972118242170604600436E-85
8.0.7798302864.1|[4,0,28,0,32,0,11,0,1]|4|9.4710149375650081872384360610360606719184371888671504332390200184645107093997635E-80
8.0.8248090761.1|[64,8,57,-7,41,-2,7,0,1]|2|3.0031759691883941279935137897145627088450035424493965593628669091936254500228632E-79
8.0.8579946384.1|[64,0,140,0,80,0,16,0,1]|1|5.5391164017907728263174900228909255997992714629026137940607844003758555953013730E-82
8.0.9310127121.1|[7,-33,74,-94,78,-40,18,-4,1]|1|4.0309681762231300530648046783929126594694528759880888845890086619216791493423240E-82
8.0.8248090761.1|[64,8,57,-7,41,-2,7,0,1]|3|9.4407892464005968003806063100955116755062882931932977711891342418816550521033350E-81
8.0.7296405561.1|[4,6,19,-7,29,4,9,-2,1]|7|0.00000000000000000000000000000000000000000000000000000000000000000000000000000000
8.0.8579946384.1|[64,0,140,0,80,0,16,0,1]|2|4.1749233537829390424441868747716628798366530411476111636997883701217536231983335E-79
8.0.9310127121.1|[7,-33,74,-94,78,-40,18,-4,1]|2|1.5370539062400176913033772650505032761148002318652980715455855128747129404671653E-78
8.0.8248090761.1|[64,8,57,-7,41,-2,7,0,1]|5|2.0389023359949508787954087698247321393184896470348775224048604470704328105037342E-82
8.0.9310127121.1|[7,-33,74,-94,78,-40,18,-4,1]|3|1.7685086912189448076040950260620453695573890462470760492303711749645346940455960E-85
8.0.8579946384.1|[64,0,140,0,80,0,16,0,1]|3|1.0908276655110776750400900845828137646839499280267559584219825306301689797669470E-78
8.0.9310127121.1|[7,-33,74,-94,78,-40,18,-4,1]|4|2.3334754632063418438220992664891333280014467865227028300111004730938802395309207E-81
8.0.8579946384.1|[64,0,140,0,80,0,16,0,1]|4|3.4851183418655024979598539786636073297934402439025082618863084119239292269317145E-79
8.0.8248090761.1|[64,8,57,-7,41,-2,7,0,1]|7|1.0542197943230523224348574051270019007709961382368507550077763025108144290969760E-81
8.0.12192797241.1|[256,-64,-48,-8,32,-2,-3,-1,1]|1|1.5543598582290708112981645423874570957551684222283010826987934969889818670269663E-80
8.0.12456568881.1|[25,0,62,0,47,0,13,0,1]|1|5.1408248922031628282367690374682506275144070857775498948714688777839040330269637E-80
8.0.12456568881.1|[25,0,62,0,47,0,13,0,1]|2|4.9593056249424023900090263778699969967184441292824082353401961959135245658133042E-81
8.0.12192797241.1|[256,-64,-48,-8,32,-2,-3,-1,1]|2|1.7386638258443480302378657493611215721904663694070072930656594708606832587958831E-80
8.0.12456568881.1|[25,0,62,0,47,0,13,0,1]|3|1.4908919308538353892336376595595371463268313718461839293584632578494927770187775E-81
8.0.12192797241.1|[256,-64,-48,-8,32,-2,-3,-1,1]|3|4.0576443475513165202282292144643937468023304738748029503135774297846206224775342E-81
8.0.12456568881.1|[25,0,62,0,47,0,13,0,1]|4|2.3020577376290936348098858780077253016504523090775535382410365327624462381542505E-83
8.0.12192797241.1|[256,-64,-48,-8,32,-2,-3,-1,1]|4|1.0569326185316408103762375409940631179390459305878747761822155064151250790713131E-79
8.0.18743800464.1|[124,228,177,85,16,-3,-2,-1,1]|1|3.0962448931851375211622170545973366983163762344058664534829702657905329015791920E-81
8.0.18921653136.1|[79,-180,278,-214,153,-58,24,-4,1]|1|4.7302438055877154272231919263551263755537144784868257584196677697335620961487909E-79
8.0.18921653136.1|[79,-180,278,-214,153,-58,24,-4,1]|2|2.6281848242377470218129145198492075680556788048339080415420780149252300211010806E-82
8.0.18743800464.1|[124,228,177,85,16,-3,-2,-1,1]|2|2.1293967698046008105020873829783321913115305039556375355486271710844228343525510E-79
8.0.18743800464.1|[124,228,177,85,16,-3,-2,-1,1]|3|4.7967724688290794920515490118166722508103401327003637224117999198325348632773071E-81
8.0.18921653136.1|[79,-180,278,-214,153,-58,24,-4,1]|3|4.6696106189326546579845015551716401142800251211452093977999752975851849220398571E-80
8.0.18743800464.1|[124,228,177,85,16,-3,-2,-1,1]|4|2.5301275063753255738436577723048045618503907317684418120186631260259546298327423E-80
8.0.18921653136.1|[79,-180,278,-214,153,-58,24,-4,1]|4|3.6432599131783039738742194449366620303412339424452210190918234813727355237808728E-79
8.0.22137868944.1|[4,0,23,0,35,0,13,0,1]|1|2.5253562889274220683147121703623004906781657928807285988622125288259524254878044E-81
8.0.22137868944.1|[4,0,23,0,35,0,13,0,1]|2|2.1054120989612905857904396514977039011154681385843684293120380527756889419034937E-80
8.0.22646939121.1|[4,0,55,0,53,0,14,0,1]|1|9.5026088101021644005173877556477265277195719390915651438860775324373034146183827E-82
8.0.22137868944.1|[4,0,23,0,35,0,13,0,1]|3|1.2587335782910265215717526204546756858449526675385651452704228388835561512626925E-80
8.0.24166878849.1|[1,0,38,0,47,0,13,0,1]|1|3.1759214264238380483444110267754009551206533192333465538455965358560855032754974E-86
8.0.22646939121.1|[4,0,55,0,53,0,14,0,1]|2|6.5701346658275900833066231380729829535695227301378205951607526460697257350850929E-80
8.0.23549664681.1|[139,244,154,52,18,14,4,-1,1]|1|1.3177747429038154030435717564087523759637451727960634437597203781385180363712199E-81
8.0.22646939121.1|[4,0,55,0,53,0,14,0,1]|3|1.1685515534725932241952114043504048996433042749735442424564443603828684718882605E-85
8.0.23549664681.1|[139,244,154,52,18,14,4,-1,1]|2|9.1180541067744433677259965803754059703042031634700311359340450995753475386835000E-83
8.0.24166878849.1|[1,0,38,0,47,0,13,0,1]|2|1.5139687091490209818483610855739446653266455476547122570292028582768072416751474E-81
8.0.22137868944.1|[4,0,23,0,35,0,13,0,1]|4|1.0594777810270322649351716470112116199120343455449287568306549318087194726316239E-80
8.0.22646939121.1|[4,0,55,0,53,0,14,0,1]|4|7.5198189605208970925295302139813277136412925733124355209457836273986978224128052E-80
8.0.25606400400.1|[4,0,31,0,47,0,17,0,1]|1|6.4694074546826763304217496952895404381275278927086029517874310873075818675578545E-81
8.0.24166878849.1|[1,0,38,0,47,0,13,0,1]|3|1.6724591505779809344910602449939998688786446612801154653239496457089654009728354E-79
8.0.24166878849.1|[1,0,38,0,47,0,13,0,1]|4|1.0306017804351144555217917076284992756244760385394561673414747536306878191247901E-83
8.0.25606400400.1|[4,0,31,0,47,0,17,0,1]|2|1.1786535616660959410226615695399553544450315822477074115794107047743724739349763E-81
8.0.25606400400.1|[4,0,31,0,47,0,17,0,1]|3|1.4128118618689466468092202585967584792264133374515806973286507217391935176079856E-79
8.0.23549664681.1|[139,244,154,52,18,14,4,-1,1]|6|2.6074896447367386563013193270806704838107447238341427784543037416141208496505262E-79
8.0.29586752064.1|[4,0,31,0,59,0,17,0,1]|1|6.1481557012227414173898964725730121195702435922783383244230289095895787396402110E-79
8.0.25606400400.1|[4,0,31,0,47,0,17,0,1]|4|7.0011041177193878142665546584970638181628028552543836476536045030470909087195663E-83
8.0.23549664681.1|[139,244,154,52,18,14,4,-1,1]|7|2.1635753243487199636175667410236935378478957882343646874431614576703158089776282E-84
8.0.29586752064.1|[4,0,31,0,59,0,17,0,1]|2|4.1008637437451238294417951164527269751789747179528013651338272647083965977284586E-84
8.0.29586752064.1|[4,0,31,0,59,0,17,0,1]|3|1.5301636083771188642725286698531481363135068041684547829801985281392485215196202E-79
8.0.29586752064.1|[4,0,31,0,59,0,17,0,1]|4|2.8491917257372654241551793331799539498809175552781447200655725624211718254434648E-82
8.0.32956408521.1|[9,0,45,0,55,0,14,0,1]|4|0.00000000000000000000000000000000000000000000000000000000000000000000000000000000
8.0.32956408521.1|[9,0,45,0,55,0,14,0,1]|5|7.7235598089536210007287573318598426131801437893733428354981497036097206525658857E-82
8.0.32956408521.1|[9,0,45,0,55,0,14,0,1]|6|3.5734846339460585433141500636898147641293032316309399887805123054778036750085330E-80
8.0.32956408521.1|[9,0,45,0,55,0,14,0,1]|7|1.5937240652681553768305279782594508065480914639692081556366767651154289808150925E-82
8.0.39475331856.1|[625,-250,-50,50,-3,10,-2,-2,1]|2|8.2503328831843213653271487530992009380663382198350578445018061168319320672733108E-80
8.0.39475331856.1|[625,-250,-50,50,-3,10,-2,-2,1]|4|4.2168791772922092897394296205080076030839845529474030200311052100432577163879038E-81
8.0.39475331856.1|[625,-250,-50,50,-3,10,-2,-2,1]|5|5.8783088279946827007011342211401728959411997665671015815656107216902861486257303E-81
8.0.45159650064.1|[625,-250,-50,40,-21,8,-2,-2,1]|1|1.3570245700620556137175933937852831952696894225436033242686741959127078104801165E-79
8.0.50156289936.1|[16,0,128,0,104,0,19,0,1]|1|1.3007522972847031959930376638659544326706691947492494264950809791849881335521667E-88
8.0.45159650064.1|[625,-250,-50,40,-21,8,-2,-2,1]|2|9.5914966977055505745574824782624442654697283144956468046127861797274106526406502E-83
8.0.39475331856.1|[625,-250,-50,50,-3,10,-2,-2,1]|7|1.0594286085780306207274962026118537445707151064063149404182719510938886567822300E-79
8.0.50156289936.1|[16,0,128,0,104,0,19,0,1]|2|4.9587841250687482829475644278588312859282102323369097736363267987225821699594048E-83
8.0.45159650064.1|[625,-250,-50,40,-21,8,-2,-2,1]|3|1.8389672362391583157595237980805197395792566533662976371527696249689114862933945E-81
8.0.50156289936.1|[16,0,128,0,104,0,19,0,1]|3|0.00000000000000000000000000000000000000000000000000000000000000000000000000000000
8.0.45159650064.1|[625,-250,-50,40,-21,8,-2,-2,1]|4|2.7267189148731178861947708109881153771429421107010069233589409659875346321096537E-79
8.0.53562159225.1|[163,300,168,-6,-10,12,0,-3,1]|3|5.9931454755773742157054364678498998786611679581436409429849914574245908795994618E-82
8.0.50156289936.1|[16,0,128,0,104,0,19,0,1]|4|2.9739592431750437357670706157439971127627863364980937583945633524185977934516763E-81
8.0.53562159225.1|[163,300,168,-6,-10,12,0,-3,1]|4|6.3690931205394276346000839784760031935969117851831727355058769295458020642593142E-81
8.0.57364082064.1|[25,0,92,0,74,0,16,0,1]|1|1.5813296914845784836522861076905028511564942073552761325116644537662216436454639E-80
8.0.55376914329.1|[9,18,57,-36,52,-5,8,-1,1]|2|0.00000000000000000000000000000000000000000000000000000000000000000000000000000000
8.0.57364082064.1|[25,0,92,0,74,0,16,0,1]|2|1.8849850548077393103636876369645714449470180422117706664605662977764815300762734E-82
8.0.53562159225.1|[163,300,168,-6,-10,12,0,-3,1]|6|1.2913789073725186434184976167336562794215919835937234940636710403042735060695568E-79
8.0.55376914329.1|[9,18,57,-36,52,-5,8,-1,1]|3|3.5091428400889196716575842787652397672158899884170120536025163208770713185431397E-80
8.0.57364082064.1|[25,0,92,0,74,0,16,0,1]|3|3.4350195445618355111769614286965476119863126410943829041009049491737824012232754E-88
8.0.53562159225.1|[163,300,168,-6,-10,12,0,-3,1]|7|5.8075492078134627728242532376436264714630524631358250618855469381396821237159922E-82
8.0.57364082064.1|[25,0,92,0,74,0,16,0,1]|4|5.3782968568763341021446316060564819093409877539286682647501499243023835118810850E-81
8.0.55376914329.1|[9,18,57,-36,52,-5,8,-1,1]|6|1.1392635300923055414828632634985280243226583272447337388658013332579067311563397E-80
8.0.55376914329.1|[9,18,57,-36,52,-5,8,-1,1]|7|2.1993814422620965347932381240524451347932759012815209542060865733713401122582147E-80
8.0.70337404944.1|[16,20,53,-27,50,-3,8,-1,1]|2|9.0598361288781942337261712490477673625463056183654387115377677335441885707929149E-81
8.0.71256963600.1|[172,208,136,64,30,8,7,-1,1]|1|1.5073026966850210862438753364394921248265323037150146749538220366369268708523686E-83
8.0.74640425616.1|[463,-562,774,-450,291,-82,32,-4,1]|1|0.00000000000000000000000000000000000000000000000000000000000000000000000000000000
8.0.70337404944.1|[16,20,53,-27,50,-3,8,-1,1]|4|7.9340546001099972527161030845741300574851363717390556378181228779561314719350476E-82
8.0.71256963600.1|[172,208,136,64,30,8,7,-1,1]|3|1.8136429947974455007783163002257244481503500784281257868481036203213419992850606E-79
8.0.74640425616.1|[463,-562,774,-450,291,-82,32,-4,1]|2|3.7681537776092253005815821066332796364486567500935591266238731934999752310109623E-79
8.0.70337404944.1|[16,20,53,-27,50,-3,8,-1,1]|6|3.1839701620464617280736305687447262204128940205015137109273960700203748191916514E-84
8.0.71256963600.1|[172,208,136,64,30,8,7,-1,1]|5|5.1947475971526839128458381024888339123512720445588462820397487680534711083401161E-79
8.0.74640425616.1|[463,-562,774,-450,291,-82,32,-4,1]|3|2.1404815982334713738314007553468512272492755954594709033157654442638970526974053E-80
8.0.70337404944.1|[16,20,53,-27,50,-3,8,-1,1]|7|1.2892659839417580420641936363400583539367801839907174930469946811602456294228699E-79
8.0.74640425616.1|[463,-562,774,-450,291,-82,32,-4,1]|4|8.3401112901346957971610692492213439887539774227785076136091962293947276090187851E-83
8.0.71256963600.1|[172,208,136,64,30,8,7,-1,1]|7|2.9466339041652398525566539238498883861125789556192685289485267619359311848374406E-82
8.0.92998161936.1|[625,-125,25,10,-42,2,1,-1,1]|1|1.6202092714035049947517021279481248915263257633202234413766876301888715784992695E-79
8.0.92998161936.1|[625,-125,25,10,-42,2,1,-1,1]|4|9.0396563530948382911068903377161014648828662605031009723379859543034676216850048E-82
8.0.92998161936.1|[625,-125,25,10,-42,2,1,-1,1]|5|1.2815289657002843809786277971112316018018767507142283167968569672298634386908765E-82
8.0.92998161936.1|[625,-125,25,10,-42,2,1,-1,1]|6|1.9118396712512487772840031718144827777233389068280443958220720336509684074572544E-84
8.0.118223194896.1|[4,0,103,0,83,0,17,0,1]|1|0.00000000000000000000000000000000000000000000000000000000000000000000000000000000
8.0.118223194896.1|[4,0,103,0,83,0,17,0,1]|2|1.3980846347740473276041551744241035996319018771433502638622535333897004912302699E-79
8.0.118223194896.1|[4,0,103,0,83,0,17,0,1]|3|4.4605942301733394719773716002800099923152288885457718286859706770672051057101277E-89
8.0.118223194896.1|[4,0,103,0,83,0,17,0,1]|4|7.5820067920467583625747607458644033783164986415648825004895676535810086307198675E-84
8.0.119563808400.1|[1084,920,324,116,-18,-22,-1,-3,1]|2|1.2019955021402119890038092328133602873392765122737791783437455848855084820302821E-80
8.0.127689016896.1|[1132,890,261,149,-12,-19,2,-3,1]|1|1.3184757773195131829486158702677081977981973696654019258834439168472448669555435E-79
8.0.119563808400.1|[1084,920,324,116,-18,-22,-1,-3,1]|3|8.0563363562455771212630663141972532143760475563814113722134638829373393999747233E-80
8.0.127689016896.1|[1132,890,261,149,-12,-19,2,-3,1]|2|3.8454701411291074963932682608818487364280937765285685273949979213215078062155246E-82
8.0.119563808400.1|[1084,920,324,116,-18,-22,-1,-3,1]|4|4.0432418334172883734459580560099739883673434257371363854115986554486007926976263E-81
8.0.127689016896.1|[1132,890,261,149,-12,-19,2,-3,1]|3|7.2931613406018289606355634835313565590953412268576746719081711113281288495887975E-82
8.0.137759745600.1|[208,220,163,39,10,-13,0,-3,1]|1|4.8575600260213419202072374032742999840479464595270533502684156383188230590038168E-83
8.0.127689016896.1|[1132,890,261,149,-12,-19,2,-3,1]|4|4.3871410889340142973766140155706387245828478276444521276398945557961717643085873E-80
8.0.137759745600.1|[208,220,163,39,10,-13,0,-3,1]|2|1.4653052234892148126645749029058785741705144668490563806435689669330464003026935E-79
8.0.137759745600.1|[208,220,163,39,10,-13,0,-3,1]|3|3.2631495877607520995925967940647790543856285823532978885526372052771623445728151E-82
8.0.137759745600.1|[208,220,163,39,10,-13,0,-3,1]|4|7.3665847604130996313916348096247209652814473890481713223713169048398279620936016E-83
8.0.170532657936.1|[64,0,236,0,116,0,19,0,1]|1|7.1839936321049088793491447596803076705808223453429511398240753133556050725519749E-81
8.0.170532657936.1|[64,0,236,0,116,0,19,0,1]|2|5.9047668784030087219537529614535511189530746759723258048619949794971053099986303E-82
8.0.170532657936.1|[64,0,236,0,116,0,19,0,1]|3|5.1173114540128460996551747492677319324385448196975500937819125255930614739811587E-80
8.0.170532657936.1|[64,0,236,0,116,0,19,0,1]|4|5.0352102226534857007894164463732832589850297227383821076334149268358371249842021E-81
8.0.214032068496.1|[64,0,140,0,92,0,19,0,1]|1|2.6650344869652318715588606909800750168580322456282543712844701919904230791056139E-81
8.0.214032068496.1|[64,0,140,0,92,0,19,0,1]|2|3.7203281530709128776265873772354183465384411541737976234880085871130376249728128E-81
8.0.214032068496.1|[64,0,140,0,92,0,19,0,1]|3|4.7146142466643837640906462781598214177801263289908296463176428190974898957399050E-81
8.0.214032068496.1|[64,0,140,0,92,0,19,0,1]|4|1.2526994133081858068696538846079304702138574218559734979688530745242402495297766E-82
8.0.229283914896.1|[292,156,111,27,38,-9,12,-3,1]|4|2.3854270893661366227738202552952594341229301949538942869735412125591884432300440E-80
8.0.229283914896.1|[292,156,111,27,38,-9,12,-3,1]|5|3.7272298271345884730840941488988428658170784296154598233961581446237319425469438E-81
8.0.256416653376.1|[4,-18,5,99,128,33,-8,-3,1]|1|8.5677745985174076559632300076063658453676924559429906794648113275856432121351236E-89
8.0.229283914896.1|[292,156,111,27,38,-9,12,-3,1]|6|3.2355446463191970504827033194173742971493428275535969482012086343464678402553014E-79
8.0.256416653376.1|[4,-18,5,99,128,33,-8,-3,1]|2|1.0981469122620324508495339463407238399542886910109624087338193002977794052706907E-78
8.0.229283914896.1|[292,156,111,27,38,-9,12,-3,1]|7|1.0593593479054678766933755526922938006750797067299014962663193658415759907103076E-81
8.0.256416653376.1|[4,-18,5,99,128,33,-8,-3,1]|3|1.2032984987118010709021749234546549314447349533329032418161737691062607487662962E-78
8.0.281044178496.1|[148,666,723,-185,4,-27,-2,-1,1]|1|3.6263475359707444429310066752464157710095532566152734375666627977062374551081037E-80
8.0.256416653376.1|[4,-18,5,99,128,33,-8,-3,1]|4|6.2061454588110572473084753892055367106370350204507871465781643508033040234726264E-81
8.0.281044178496.1|[148,666,723,-185,4,-27,-2,-1,1]|2|2.4924896960664207493468412228809293464647138364632533723728572965550825768512177E-81
8.0.281044178496.1|[148,666,723,-185,4,-27,-2,-1,1]|3|8.7344448044088124325973605076653257862913622062543679370823564319388526839728604E-79
8.0.281044178496.1|[148,666,723,-185,4,-27,-2,-1,1]|4|2.2599932888318122980793771275539340828953252192436790574706685717787524702159168E-81
8.0.637282890000.1|[64,0,316,0,185,0,26,0,1]|1|9.0225695338352131077671930694968307891935681299629981387753033189760058447679199E-79
8.0.637282890000.1|[64,0,316,0,185,0,26,0,1]|2|3.6799298091043357655020086289768861080317488539008803306515451538529708941311086E-87
8.0.704491635600.1|[400,0,508,0,176,0,23,0,1]|1|1.6511670202209376586071800668597447581614275251022372297723967713248766706610987E-81
8.0.751106488896.1|[625,-125,-125,-20,42,-4,-5,-1,1]|1|6.2643047641193570067246335639510237317412354434639320629726546470774829603469080E-82
8.0.637282890000.1|[64,0,316,0,185,0,26,0,1]|3|1.6176221732027917776146826147363708697638495374087746475043806747971992155619269E-80
8.0.704491635600.1|[400,0,508,0,176,0,23,0,1]|2|3.3303001865155776253000345650336204968098510718356982347764219104724279813037952E-79
8.0.637282890000.1|[64,0,316,0,185,0,26,0,1]|4|3.2293989307936104282373662365507972080528916681107730206209182106723059777802263E-81
8.0.751106488896.1|[625,-125,-125,-20,42,-4,-5,-1,1]|3|6.6484528712832981751432677735890618132449921243720092975125810046546468195550278E-84
8.0.704491635600.1|[400,0,508,0,176,0,23,0,1]|3|5.9340518951073360204542403923065909019503304327703494541121185703469423172346220E-79
8.0.704491635600.1|[400,0,508,0,176,0,23,0,1]|4|5.4333244557635875944933304667535049130952074043968977908301858464396351837371347E-82
8.0.751106488896.1|[625,-125,-125,-20,42,-4,-5,-1,1]|5|2.2708589341492306271026224258283798525737190024697935410571914953542813768294525E-80
8.0.751106488896.1|[625,-125,-125,-20,42,-4,-5,-1,1]|6|3.2750165817269967905516888295765965868953143446252855829321976899271151882812200E-84
