8.0.1265625.1|[1,-1,0,1,-1,1,0,-1,1]
8.0.4000000.1|[1,0,-1,0,1,0,-1,0,1]
8.0.5308416.1|[1,0,0,0,-1,0,0,0,1]
8.0.12960000.1|[1,0,-3,0,8,0,-3,0,1]
8.0.13140625.1|[1,3,5,3,4,-3,5,-3,1]
8.0.16777216.1|[1,0,0,0,0,0,0,0,1]
8.0.18939904.2|[2,-12,30,-44,43,-28,14,-4,1]
8.0.22581504.2|[16,-32,20,4,-11,2,5,-4,1]
8.0.26265625.1|[16,-24,8,0,1,0,2,-3,1]
8.0.37515625.1|[16,-8,-4,6,-1,3,-1,-1,1]
8.0.40960000.1|[1,0,0,0,7,0,0,0,1]
8.0.42575625.1|[1,1,4,-1,9,1,4,-1,1]
8.0.49787136.1|[16,0,12,0,5,0,3,0,1]
8.0.56070144.2|[13,-38,70,-74,63,-34,16,-4,1]
8.0.58140625.2|[25,-25,-10,5,11,-7,4,-3,1]
8.0.64000000.1|[16,0,-8,0,4,0,-2,0,1]
8.0.64000000.2|[16,0,8,0,4,0,2,0,1]
8.0.85100625.1|[16,-8,-8,2,3,1,-2,-1,1]
8.0.95883264.1|[4,-8,6,-12,15,-2,-1,-2,1]
8.0.98188281.1|[1,0,11,0,18,0,8,0,1]
8.0.110166016.2|[1,0,10,0,19,0,10,0,1]
8.0.121550625.1|[16,8,-16,18,23,-9,-4,-1,1]
8.0.123765625.1|[16,24,24,8,9,-4,6,-3,1]
8.0.134560000.4|[1,0,7,0,13,0,7,0,1]
8.0.142635249.1|[16,-24,12,6,-11,3,3,-3,1]
8.0.152695449.1|[16,-16,0,6,-5,3,0,-2,1]
8.0.170772624.1|[16,-24,20,-12,6,-6,5,-3,1]
8.0.185640625.1|[81,-81,9,3,4,1,1,-3,1]
8.0.188375625.1|[25,-25,-5,-10,21,-2,-2,-2,1]
8.0.191102976.5|[36,0,36,0,6,0,-6,0,1]
8.0.195105024.2|[81,-108,45,12,-20,4,5,-4,1]
8.0.207360000.2|[16,0,-24,0,32,0,-6,0,1]
8.0.214798336.3|[16,-16,0,-4,9,-2,0,-2,1]
8.0.266244489.1|[1,0,9,0,17,0,9,0,1]
8.0.267543125.1|[11,-21,32,-23,16,-10,6,-1,1]
8.0.268960000.3|[16,0,-20,0,13,0,-5,0,1]
8.0.273850625.1|[16,-8,12,2,3,1,3,-1,1]
8.0.284363125.1|[11,18,19,13,13,1,6,-1,1]
8.0.303595776.1|[81,0,45,0,16,0,5,0,1]
8.0.316180889.1|[16,-24,12,4,-7,2,3,-3,1]
8.0.339738624.1|[4,0,-8,0,14,0,-4,0,1]
8.0.339738624.2|[4,0,8,0,14,0,4,0,1]
8.0.342102016.2|[8,-8,9,-2,3,20,3,-2,1]
8.0.346890625.1|[121,-11,-50,31,9,1,0,-1,1]
8.0.349241344.2|[17,-52,96,-100,81,-40,18,-4,1]
8.0.371495353.1|[3,5,4,-4,14,-13,10,-4,1]
8.0.372668125.1|[11,-15,30,-24,18,-5,4,-1,1]
8.0.384160000.1|[16,0,-36,0,37,0,-9,0,1]
8.0.386672896.3|[16,0,-4,-4,2,-2,-1,0,1]
8.0.386814749.1|[3,7,13,0,2,-2,4,-1,1]
8.0.391881616.1|[16,-24,8,8,-10,4,2,-3,1]
8.0.404205625.1|[16,-24,32,-28,23,-14,8,-3,1]
8.0.432972864.2|[16,-8,4,8,-6,4,1,-1,1]
8.0.440605625.1|[16,-24,24,-22,17,-11,6,-3,1]
8.0.446265625.1|[81,27,36,21,19,-7,4,-1,1]
8.0.447703281.1|[16,-8,-8,4,3,2,-2,-1,1]
8.0.454201344.7|[169,-182,128,-12,-25,24,-4,-2,1]
8.0.470415469.1|[2,-3,10,-20,21,-10,5,-2,1]
8.0.494613125.1|[11,-10,27,-17,19,-12,9,-3,1]
8.0.508277025.1|[19,3,-22,3,21,-15,5,-3,1]
8.0.516425625.1|[25,25,45,0,21,-2,8,-2,1]
8.0.519110656.2|[49,0,-62,0,39,0,-10,0,1]
8.0.542936601.2|[16,-8,8,-8,1,-4,2,-1,1]
8.0.551380625.1|[16,-16,24,-18,17,-9,6,-2,1]
8.0.557688125.1|[25,-25,45,-35,31,-18,8,-3,1]
8.0.562828176.1|[16,-16,4,4,-6,2,1,-2,1]
8.0.582918125.1|[11,-3,19,-15,21,-9,8,-2,1]
8.0.595360000.6|[25,0,-40,0,26,0,-7,0,1]
8.0.596189889.1|[1,0,18,0,23,0,9,0,1]
8.0.601286293.1|[3,-2,13,-18,17,-9,7,-3,1]
8.0.601475625.1|[81,-27,-36,3,13,1,-4,-1,1]
8.0.624650049.1|[4,2,9,0,15,2,5,-1,1]
8.0.629407744.1|[16,0,-8,0,2,0,-2,0,1]
8.0.643938125.1|[5,-5,6,-17,18,-9,8,-2,1]
8.0.645993125.1|[11,-31,58,-63,55,-31,15,-4,1]
8.0.649638144.4|[169,0,-170,0,75,0,-14,0,1]
8.0.677530625.1|[16,-8,20,-10,13,-5,5,-1,1]
8.0.705911761.1|[16,-8,4,-8,5,-4,1,-1,1]
8.0.739840000.6|[4,0,18,16,23,6,5,-2,1]
8.0.764411904.5|[81,0,-54,0,21,0,-6,0,1]
8.0.778047488.1|[16,-16,20,-20,13,-10,5,-2,1]
8.0.796594176.1|[4,-16,46,-64,63,-2,-5,-2,1]
8.0.856615824.2|[4,0,32,0,36,0,11,0,1]
8.0.877268125.1|[19,14,25,3,18,-5,8,-2,1]
8.0.883575625.1|[81,0,9,0,17,0,1,0,1]
8.0.896063125.1|[4,2,17,-2,4,-5,7,-3,1]
8.0.897122304.10|[169,0,-104,0,51,0,-8,0,1]
8.0.903363136.1|[16,0,-12,0,6,0,-3,0,1]
8.0.903363136.2|[16,-24,8,10,-13,5,2,-3,1]
8.0.959512576.1|[81,0,0,0,7,0,0,0,1]
8.0.978188125.1|[25,-25,35,-25,29,-16,10,-3,1]
8.0.980441344.2|[1,0,9,0,18,0,8,0,1]
8.0.1077480625.1|[16,-24,20,-14,11,-7,5,-3,1]
8.0.1087518125.1|[19,-10,31,-24,30,-13,9,-2,1]
8.0.1117163776.3|[16,-16,4,8,-11,4,1,-2,1]
8.0.1121513121.1|[13,28,18,16,8,-4,4,-3,1]
8.0.1123925625.1|[121,-77,-39,-12,39,-2,-4,-2,1]
8.0.1130640625.1|[361,-38,-109,51,14,3,-1,-1,1]
8.0.1133693125.1|[4,4,7,-13,19,-9,8,-2,1]
8.0.1143318969.1|[4,-10,13,-22,24,-2,-2,-2,1]
8.0.1212153856.10|[16,0,-16,0,10,0,-4,0,1]
8.0.1230045184.5|[49,0,106,0,63,0,14,0,1]
8.0.1234538496.2|[241,-282,394,-242,167,-58,24,-4,1]
8.0.1235663104.1|[9,0,4,0,18,0,-3,0,1]
8.0.1262878369.1|[16,-8,-12,4,5,2,-3,-1,1]
8.0.1262878369.2|[16,-24,12,0,-3,0,3,-3,1]
8.0.1262878369.3|[16,0,-12,-2,7,-1,-3,0,1]
8.0.1305015625.1|[256,64,80,36,29,-9,5,-1,1]
8.0.1333760000.1|[9,-6,23,-12,14,-10,10,-4,1]
8.0.1344511949.1|[2,-3,6,17,8,0,4,-1,1]
8.0.1382575489.1|[16,-24,28,-26,21,-13,7,-3,1]
8.0.1394947801.1|[9,0,32,0,34,0,11,0,1]
8.0.1405125225.1|[49,-49,-7,-28,43,-2,-4,-2,1]
8.0.1405125225.2|[81,0,-63,0,25,0,-7,0,1]
8.0.1428533677.1|[7,-1,20,1,12,-5,2,0,1]
8.0.1499238400.2|[5,-26,54,-66,59,-34,16,-4,1]
8.0.1510410496.4|[13,36,30,4,-8,2,7,-4,1]
8.0.1544804416.1|[4,0,46,0,39,0,11,0,1]
8.0.1623525849.1|[16,-28,17,-40,46,-2,-4,-2,1]
8.0.1667028688.1|[2,-12,31,-47,47,-31,15,-4,1]
8.0.1750240993.1|[16,-8,12,-2,3,-1,3,-1,1]
8.0.1766100625.1|[1,0,15,0,48,0,15,0,1]
8.0.1768034304.4|[49,-14,-31,18,14,-6,-1,-2,1]
8.0.1794086993.1|[16,-8,4,0,-5,0,1,-1,1]
8.0.1802913125.1|[9,-15,14,-26,27,-13,9,-2,1]
8.0.1822330625.1|[16,-8,4,-6,5,-3,1,-1,1]
8.0.1834580224.3|[5,-24,53,-68,60,-34,16,-4,1]
8.0.1898257761.1|[4,0,19,0,26,0,11,0,1]
8.0.1900960000.6|[81,0,-81,0,37,0,-9,0,1]
8.0.1927340725.1|[7,9,14,-5,-2,-4,4,-1,1]
8.0.1949393141.1|[7,-26,52,-61,54,-31,15,-4,1]
8.0.1989873664.3|[4,8,54,4,15,-2,7,-2,1]
8.0.1995351329.1|[16,0,8,-2,7,-1,2,0,1]
8.0.1997017344.1|[1,2,2,-8,23,8,2,-2,1]
8.0.2051727616.3|[4,0,36,0,37,0,11,0,1]
8.0.2071040000.1|[9,-30,59,-68,60,-34,16,-4,1]
8.0.2071948309.1|[7,-3,16,6,14,-2,5,-1,1]
8.0.2074455101.1|[11,-20,44,-48,31,-17,9,-3,1]
8.0.2079503696.1|[2,-12,32,-49,48,-31,15,-4,1]
8.0.2091141441.1|[81,-27,9,9,-15,3,1,-1,1]
8.0.2113057024.3|[16,0,-4,0,5,0,-1,0,1]
8.0.2136148933.1|[11,7,32,-1,11,-8,1,-1,1]
8.0.2136658176.4|[625,-500,125,40,-44,8,5,-4,1]
8.0.2144374784.1|[16,-16,12,-8,6,-4,3,-2,1]
8.0.2147483648.1|[2,0,16,0,20,0,8,0,1]
8.0.2155122688.1|[7,2,21,-36,36,-22,12,-4,1]
8.0.2171225457.1|[16,-24,28,-26,19,-13,7,-3,1]
8.0.2200735744.5|[16,-16,4,8,-10,4,1,-2,1]
8.0.2209822873.1|[16,-8,16,-12,9,-6,4,-1,1]
8.0.2225093125.1|[5,-20,44,-57,52,-31,15,-4,1]
8.0.2364390625.1|[841,-319,-81,-53,54,-11,1,-2,1]
8.0.2367503649.1|[16,-8,4,4,-3,2,1,-1,1]
8.0.2385443281.2|[17,-34,123,-2,-38,-4,1,0,1]
8.0.2487222272.11|[49,-28,6,24,-3,-8,10,-4,1]
8.0.2488192677.1|[5,-8,19,3,0,0,5,-2,1]
8.0.2522550625.1|[4,10,-11,-46,52,-18,14,-2,1]
8.0.2556625625.1|[16,-16,16,-14,13,-7,4,-2,1]
8.0.2569273344.8|[484,0,0,0,56,0,0,0,1]
8.0.2621440000.1|[4,0,24,0,30,0,12,0,1]
8.0.2627997696.1|[49,-42,-13,-14,30,-2,-3,-2,1]
8.0.2702336256.1|[625,0,225,0,56,0,9,0,1]
8.0.2722334976.1|[5,-22,51,-70,66,-40,18,-4,1]
8.0.2869530624.2|[3,-18,45,-64,58,-34,16,-4,1]
8.0.2917030625.1|[16,-8,0,0,3,0,0,-1,1]
8.0.2939163125.1|[11,-12,16,-1,18,-7,4,-1,1]
8.0.2988262225.2|[16,0,4,0,1,0,1,0,1]
8.0.3016755625.1|[9,-12,2,20,37,18,5,-1,1]
8.0.3066612129.1|[1,0,13,0,27,0,10,0,1]
8.0.3098592225.1|[4,0,23,0,29,0,10,0,1]
8.0.3144306029.1|[31,37,15,18,24,-2,8,-1,1]
8.0.3200818237.1|[3,-19,52,-77,67,-37,17,-4,1]
8.0.3202654464.3|[484,0,496,0,165,0,22,0,1]
8.0.3220449001.1|[16,-8,-12,2,7,1,-3,-1,1]
8.0.3318796881.1|[4,0,43,0,38,0,11,0,1]
8.0.3340840000.1|[16,8,-4,16,22,-8,-1,-1,1]
8.0.3483358925.1|[7,-13,17,-7,13,-7,2,0,1]
8.0.3504640000.1|[49,-14,59,-28,25,-16,5,-2,1]
8.0.3524260153.1|[11,-12,26,3,9,-4,5,-2,1]
8.0.3552160000.4|[121,0,-127,0,58,0,-12,0,1]
8.0.3557883904.7|[289,0,-274,0,115,0,-18,0,1]
8.0.3587280896.2|[7,-26,53,-64,58,-34,16,-4,1]
8.0.3596497781.1|[4,-10,23,-26,27,-7,3,-2,1]
8.0.3629274669.1|[23,25,8,22,14,-2,7,-1,1]
8.0.3663275625.1|[361,-171,-109,-14,63,-2,-6,-2,1]
8.0.3695181824.1|[31,-32,60,-24,32,-8,8,0,1]
8.0.3706088125.1|[9,-42,80,-87,72,-37,17,-4,1]
8.0.3755360961.1|[1,1,6,-5,24,-2,5,0,1]
8.0.3755674117.1|[5,-21,48,-65,61,-37,17,-4,1]
8.0.3767425625.1|[25,-25,20,-15,21,-13,8,-3,1]
8.0.3782742016.1|[16,-16,4,-4,5,-2,1,-2,1]
8.0.3887771904.9|[576,0,672,0,217,0,26,0,1]
8.0.3909375625.1|[1,0,20,0,58,0,15,0,1]
8.0.3909375625.2|[5,-35,99,-144,113,-52,22,-4,1]
8.0.3948405248.1|[8,0,36,0,36,0,11,0,1]
8.0.4059346369.2|[81,-27,9,-15,4,-5,1,-1,1]
8.0.4228120576.1|[17,28,22,12,9,-8,4,-4,1]
8.0.4236447744.3|[16,16,36,-4,29,2,9,-2,1]
8.0.4252075997.1|[3,-10,23,-9,5,-8,7,-3,1]
8.0.4295433053.1|[8,8,30,11,9,-2,8,-2,1]
8.0.4303360000.2|[4,16,-12,-52,63,-22,15,-2,1]
8.0.4343469025.1|[16,-16,4,6,-9,3,1,-2,1]
8.0.4521217600.1|[16,0,4,0,-2,0,1,0,1]
8.0.4523051669.1|[23,-39,42,-18,22,-10,7,-1,1]
8.0.4688918125.1|[5,5,6,-21,32,-17,10,-2,1]
8.0.4695843125.1|[11,-24,3,17,26,-14,-1,0,1]
8.0.4712037781.1|[5,-4,15,-13,4,4,2,-3,1]
8.0.4737523213.1|[19,-38,67,-45,39,-18,9,-3,1]
8.0.4857532416.1|[31,86,-17,-82,96,-14,1,-2,1]
8.0.4868829729.1|[81,-54,-9,15,-8,5,-1,-2,1]
8.0.4907318533.1|[3,-17,40,-55,51,-31,15,-4,1]
8.0.4919868125.1|[4,2,-1,-26,27,-11,11,-2,1]
8.0.4922986896.1|[4,0,47,0,47,0,13,0,1]
8.0.4968649025.1|[16,-24,24,-16,11,-8,6,-3,1]
8.0.4995180625.1|[19,13,45,16,17,-4,2,0,1]
8.0.5037359104.1|[17,-60,106,-104,83,-40,18,-4,1]
8.0.5053510429.1|[5,-24,49,-59,53,-31,15,-4,1]
8.0.5107336533.1|[3,6,31,-25,19,-12,1,-1,1]
8.0.5174788096.1|[257,-324,456,-284,193,-64,26,-4,1]
8.0.5198736512.1|[16,-24,12,-2,0,-1,3,-3,1]
8.0.5304843125.1|[5,25,19,-27,43,-15,12,-2,1]
8.0.5501270057.1|[16,-24,16,-4,-1,-2,4,-3,1]
8.0.5504371933.1|[19,-53,43,-2,-6,1,3,-1,1]
8.0.5583825625.2|[1,0,19,0,62,0,16,0,1]
8.0.5609860201.1|[5,-12,21,-6,1,-3,4,0,1]
8.0.5638996033.1|[16,-16,8,6,-7,3,2,-2,1]
8.0.5677321104.1|[13,-52,108,-126,99,-46,20,-4,1]
8.0.5722166025.1|[4,-14,33,-48,48,-2,-4,-2,1]
8.0.5773568256.1|[81,0,9,-18,-3,-6,1,0,1]
8.0.5808268944.1|[16,12,29,-7,24,-1,6,-1,1]
8.0.5932388125.1|[25,-25,10,-10,19,-11,5,-3,1]
8.0.5974993928.1|[16,-8,8,-10,4,-5,2,-1,1]
8.0.5979619584.3|[1369,0,-914,0,243,0,-26,0,1]
8.0.5985055232.1|[16,-8,4,-4,4,-2,1,-1,1]
8.0.6042419289.1|[4,-30,91,-120,66,0,-8,0,1]
8.0.6146560000.1|[36,-120,218,-216,159,-64,26,-4,1]
8.0.6149069056.2|[9,0,-11,0,22,0,-8,0,1]
8.0.6194477025.1|[112,-204,175,-99,30,-3,1,0,1]
8.0.6238788761.1|[11,-39,72,-76,64,-34,16,-4,1]
8.0.6308171776.2|[1,0,14,0,43,0,14,0,1]
8.0.6308171776.3|[1,0,42,0,55,0,14,0,1]
8.0.6482804341.1|[23,-19,-10,0,16,5,-2,-1,1]
8.0.6485564089.1|[23,24,12,6,18,-10,10,-3,1]
8.0.6672275856.1|[81,-81,18,27,-26,9,2,-3,1]
8.0.6920220112.1|[2,-12,33,-53,55,-37,17,-4,1]
8.0.6941722489.1|[81,-81,0,27,-17,9,0,-3,1]
8.0.6941722489.2|[81,-63,39,-34,35,-6,0,-2,1]
8.0.6975590400.1|[67,-140,220,-176,129,-52,22,-4,1]
8.0.7264493824.1|[81,-54,45,-12,8,-4,5,-2,1]
8.0.7283769025.1|[16,-24,12,2,-5,1,3,-3,1]
8.0.7296405561.1|[4,6,19,-7,29,4,9,-2,1]
8.0.7331636232.1|[16,-16,4,-6,8,-3,1,-2,1]
8.0.7660625625.1|[841,-232,-226,-22,63,6,-9,-1,1]
8.0.7688688125.1|[25,-25,10,-15,19,-4,0,-2,1]
8.0.7704020617.1|[3,-17,44,-64,58,-34,16,-4,1]
8.0.7798302864.1|[4,0,28,0,32,0,11,0,1]
8.0.7848542464.3|[81,0,-98,0,67,0,-14,0,1]
8.0.7866448249.1|[16,-8,4,-2,-1,-1,1,-1,1]
8.0.8111524096.1|[29,-86,145,-132,102,-46,20,-4,1]
8.0.8134596864.1|[81,-108,45,18,-27,6,5,-4,1]
8.0.8173064025.1|[81,0,153,0,85,0,17,0,1]
8.0.8177946624.1|[1089,792,288,-108,34,16,8,-4,1]
8.0.8248090761.1|[64,8,57,-7,41,-2,7,0,1]
8.0.8275904784.2|[81,-81,45,-18,4,-6,5,-3,1]
8.0.8394138297.1|[16,-24,20,-14,9,-7,5,-3,1]
8.0.8437524736.1|[5,-28,63,-82,72,-40,18,-4,1]
8.0.8493465600.17|[100,0,-80,0,54,0,-8,0,1]
8.0.8579946384.1|[64,0,140,0,80,0,16,0,1]
8.0.8653650625.2|[5,15,-19,-62,83,-34,18,-2,1]
8.0.8808320336.1|[18,15,28,31,13,-1,1,0,1]
8.0.9310127121.1|[7,-33,74,-94,78,-40,18,-4,1]
8.0.9346829041.1|[16,-24,20,-10,5,-5,5,-3,1]
8.0.9376436224.7|[196,-112,-30,-20,45,-2,-5,-2,1]
8.0.9376436224.8|[196,-56,-114,48,21,-2,-3,-2,1]
8.0.9384519509.1|[5,-23,54,-73,65,-37,17,-4,1]
8.0.9391935744.3|[2401,-1372,245,84,-76,12,5,-4,1]
8.0.9525760000.3|[11,-58,141,-184,138,-58,24,-4,1]
8.0.9872265721.1|[81,-54,45,-30,11,-10,5,-2,1]
8.0.9903030080.1|[46,-90,145,-123,95,-43,19,-4,1]
8.0.9953411753.1|[4,-25,65,-92,77,-40,18,-4,1]
8.0.10070523904.5|[16,0,0,0,-6,0,0,0,1]
8.0.10150563125.1|[4,-22,55,-77,67,-37,17,-4,1]
8.0.10158799401.1|[16,-8,12,-6,9,-3,3,-1,1]
8.0.10475766621.1|[81,-54,72,-27,27,-9,8,-2,1]
8.0.10532261888.1|[7,-26,57,-68,47,-12,3,-2,1]
8.0.10718418125.1|[11,-14,10,-39,40,-15,12,-2,1]
8.0.10857640000.1|[4,0,26,0,37,0,12,0,1]
8.0.11345942480.1|[2,-13,36,-57,57,-37,17,-4,1]
8.0.11563027264.1|[12,-8,6,20,9,-4,6,-1,1]
8.0.11577760000.2|[361,0,-299,0,102,0,-16,0,1]
8.0.11589168409.1|[53,37,-27,-26,57,-26,12,-2,1]
8.0.11667456256.1|[1,0,21,0,44,0,13,0,1]
8.0.11851678337.1|[16,-16,8,-6,7,-3,2,-2,1]
8.0.12192797241.1|[256,-64,-48,-8,32,-2,-3,-1,1]
8.0.12358324224.5|[100,80,134,-16,55,-2,11,-2,1]
8.0.12456568881.1|[25,0,62,0,47,0,13,0,1]
8.0.12482475625.1|[11,-63,151,-194,143,-58,24,-4,1]
8.0.12482475625.2|[1,0,17,0,73,0,17,0,1]
8.0.12759961600.1|[5,-30,74,-102,87,-46,20,-4,1]
8.0.12966832384.1|[13,-58,103,-102,82,-40,18,-4,1]
8.0.12982323600.1|[4,0,55,0,51,0,13,0,1]
8.0.13007550125.1|[13,-50,98,-109,88,-43,19,-4,1]
8.0.13344870400.1|[137,-226,330,-226,159,-58,24,-4,1]
8.0.13981620301.1|[11,22,21,15,10,-1,4,-2,1]
8.0.14415364096.1|[5,-28,68,-92,77,-40,18,-4,1]
8.0.14511456553.1|[17,28,18,8,8,-4,8,-3,1]
8.0.14835483601.1|[12,34,31,7,-6,1,5,-4,1]
8.0.14922332649.2|[225,135,201,-12,67,-2,12,-2,1]
8.0.15348236544.1|[81,0,9,-18,0,-6,1,0,1]
8.0.15448461125.1|[7,-39,95,-70,11,3,2,-2,1]
8.0.15476927681.1|[16,-24,16,-8,5,-4,4,-3,1]
8.0.15490734605.1|[3,-11,29,41,13,-8,-4,-1,1]
8.0.15724644821.1|[17,-58,105,-107,87,-43,19,-4,1]
8.0.15805106512.1|[81,-27,18,21,-10,7,2,-1,1]
8.0.16049343125.1|[121,-77,-20,-21,33,-6,0,-2,1]
8.0.16452521984.1|[49,-70,43,-20,-1,12,-3,-2,1]
8.0.16475519449.1|[16,-47,87,-92,77,-40,18,-4,1]
8.0.16475519449.2|[16,-8,0,4,-7,2,0,-1,1]
8.0.16475519449.3|[16,0,0,-2,-5,-1,0,0,1]
8.0.16946095445.1|[2,-15,47,-79,78,-49,21,-4,1]
8.0.17281392784.1|[11,-50,92,-96,79,-40,18,-4,1]
8.0.17284886784.2|[3721,0,-1818,0,347,0,-30,0,1]
8.0.17331195904.2|[1,0,70,0,79,0,18,0,1]
8.0.17335386757.1|[11,26,23,17,7,-3,2,-3,1]
8.0.17555190016.1|[29,-146,272,-274,193,-70,28,-4,1]
8.0.17567824573.1|[11,-48,87,-89,73,-37,17,-4,1]
8.0.17567917712.1|[16,-8,12,-4,6,-2,3,-1,1]
8.0.17625714688.1|[81,0,0,-12,5,-4,0,0,1]
8.0.17828925625.1|[9,21,-5,-76,87,-24,18,-2,1]
8.0.18011787264.2|[289,-170,-87,-42,84,-2,-7,-2,1]
8.0.18101542805.1|[20,0,59,0,53,0,14,0,1]
8.0.18205565184.1|[2916,0,2160,0,469,0,38,0,1]
8.0.18234721296.2|[16,0,60,0,56,0,15,0,1]
8.0.18312706697.1|[16,-8,-8,0,7,0,-2,-1,1]
8.0.18387108928.1|[16,-8,12,-8,6,-4,3,-1,1]
8.0.18693088817.1|[16,-8,12,-10,5,-5,3,-1,1]
8.0.18743800464.1|[124,228,177,85,16,-3,-2,-1,1]
8.0.18842503824.1|[625,-250,200,-130,31,-26,8,-2,1]
8.0.18921653136.1|[79,-180,278,-214,153,-58,24,-4,1]
8.0.19256557824.1|[81,0,190,0,99,0,18,0,1]
8.0.19770609664.2|[113,-140,48,34,12,16,-3,-2,1]
8.0.19818163729.1|[36,6,-31,-38,32,-10,10,-2,1]
8.0.19944768125.1|[4,-26,71,-103,85,-43,19,-4,1]
8.0.19965690000.1|[81,-27,18,-15,-2,-5,2,-1,1]
8.0.20200652641.1|[23,43,-21,-50,-3,4,18,-2,1]
8.0.20403693125.1|[31,-85,152,-149,113,-49,21,-4,1]
8.0.20885741361.1|[16,-16,0,2,1,1,0,-2,1]
8.0.20943878400.1|[137,-124,62,-70,44,2,-5,-2,1]
8.0.21037761936.2|[1,0,28,0,66,0,16,0,1]
8.0.21143486464.1|[81,-108,54,0,-11,0,6,-4,1]
8.0.21592539136.1|[5,-36,104,-152,117,-52,22,-4,1]
8.0.22137868944.1|[4,0,23,0,35,0,13,0,1]
8.0.22351446016.10|[196,0,-120,0,54,0,-12,0,1]
8.0.22444298512.1|[81,-27,54,-15,22,-5,6,-1,1]
8.0.22584980089.1|[29,-55,43,21,-26,11,5,-4,1]
8.0.22600912896.1|[53,-128,206,-172,127,-52,22,-4,1]
8.0.22646939121.1|[4,0,55,0,53,0,14,0,1]
8.0.23018048089.1|[4,-23,59,-84,73,-40,18,-4,1]
8.0.23018048089.2|[16,-8,-8,4,1,2,-2,-1,1]
8.0.23018048089.3|[16,0,-8,-2,3,-1,-2,0,1]
8.0.23185848361.1|[61,19,1,-38,15,2,4,-4,1]
8.0.23298969600.1|[361,-190,-109,-34,82,-2,-7,-2,1]
8.0.23324925625.1|[1,0,129,0,117,0,21,0,1]
8.0.23324925625.2|[59,-114,83,-122,118,-32,20,-2,1]
8.0.23549664681.1|[139,244,154,52,18,14,4,-1,1]
8.0.23987814400.5|[4,0,136,0,96,0,20,0,1]
8.0.24166878849.1|[1,0,38,0,47,0,13,0,1]
8.0.24211360000.2|[841,0,-516,0,142,0,-19,0,1]
8.0.24743290000.1|[81,-81,18,3,-2,1,2,-3,1]
8.0.24840596881.1|[81,0,-9,-6,-5,-2,-1,0,1]
8.0.24895790656.1|[16,-8,-4,0,2,0,-1,-1,1]
8.0.25113033041.1|[16,-8,4,2,-5,1,1,-1,1]
8.0.25606400400.1|[4,0,31,0,47,0,17,0,1]
8.0.25921322001.1|[36,0,135,0,93,0,18,0,1]
8.0.26037372321.1|[4,0,115,0,102,0,19,0,1]
8.0.26179240000.1|[81,-27,-27,9,8,3,-3,-1,1]
8.0.26197364736.1|[529,-138,-171,38,46,-6,-5,-2,1]
8.0.27318164653.1|[12,26,23,15,7,-3,3,-3,1]
8.0.27439591201.2|[1,0,21,0,27,0,10,0,1]
8.0.27625099264.1|[81,-54,0,-12,19,-4,0,-2,1]
8.0.27630750625.1|[9,-60,161,-222,162,-64,26,-4,1]
8.0.27630750625.2|[1,0,31,0,92,0,19,0,1]
8.0.27795558400.1|[81,-54,9,-12,11,-4,1,-2,1]
8.0.27861746981.1|[256,-128,112,-60,22,-15,7,-2,1]
8.0.29261181481.1|[81,-81,36,-15,7,-5,4,-3,1]
8.0.29586752064.1|[4,0,31,0,59,0,17,0,1]
8.0.29589848289.1|[181,-185,110,-65,-5,23,-7,-1,1]
8.0.30115068125.1|[4,14,-3,-38,49,-19,13,-2,1]
8.0.30415360000.6|[11,10,-13,-88,99,-28,19,-2,1]
8.0.30419312677.1|[5,-28,64,-85,76,-43,19,-4,1]
8.0.30661410816.7|[361,0,190,0,81,0,10,0,1]
8.0.31132789597.1|[2,-13,37,-61,64,-43,19,-4,1]
8.0.31382671957.1|[81,0,0,-3,-13,-1,0,0,1]
8.0.31522245257.1|[2,-13,37,-60,61,-40,18,-4,1]
8.0.31766930861.1|[8,4,28,-7,-4,-14,10,-3,1]
8.0.32213605625.1|[5,5,-1,-32,43,-20,12,-2,1]
8.0.32503762944.8|[556,352,-206,-272,87,56,-14,-4,1]
8.0.32851925001.2|[43,160,188,62,5,10,5,-1,1]
8.0.32956408521.1|[9,0,45,0,55,0,14,0,1]
8.0.33043006592.1|[2,0,47,-93,55,-8,3,-3,1]
8.0.33223081984.15|[196,0,-184,0,70,0,-12,0,1]
8.0.33315375625.2|[1,0,55,0,102,0,20,0,1]
8.0.33392445696.1|[317,188,58,48,24,-18,11,-4,1]
8.0.33647011153.1|[16,-8,4,6,-3,3,1,-1,1]
8.0.34174124645.1|[7,-36,79,-99,83,-43,19,-4,1]
8.0.34470006921.2|[1369,0,-588,0,158,0,-21,0,1]
8.0.34667460864.3|[13,-68,155,-194,148,-64,26,-4,1]
8.0.36787879888.1|[81,0,9,-12,4,-4,1,0,1]
8.0.36977315557.1|[13,30,21,11,3,-1,6,-3,1]
8.0.37070355125.1|[5,-28,63,-81,69,-37,17,-4,1]
8.0.37291085881.1|[1,0,32,0,34,0,11,0,1]
8.0.37349860205.1|[13,-43,80,-85,71,-37,17,-4,1]
8.0.37381902336.1|[81,-54,45,-36,15,-12,5,-2,1]
8.0.38109286656.1|[81,54,18,-36,63,12,2,-2,1]
8.0.38444811093.1|[13,0,44,0,38,0,11,0,1]
8.0.38512100025.1|[225,0,897,0,277,0,29,0,1]
8.0.38765933153.1|[37,43,42,-14,-11,-4,4,-1,1]
8.0.38894545089.1|[36,18,57,-12,61,2,9,-1,1]
8.0.39475331856.1|[625,-250,-50,50,-3,10,-2,-2,1]
8.0.39649172641.1|[16,16,36,8,3,-4,9,-2,1]
8.0.40020731528.1|[16,-16,4,6,-8,3,1,-2,1]
8.0.40300750625.2|[89,160,64,16,27,-2,9,-3,1]
8.0.40733330625.7|[1,0,22,0,39,0,13,0,1]
8.0.40795920400.1|[16,-8,4,4,-2,2,1,-1,1]
8.0.41229284168.1|[256,-64,32,0,0,0,2,-1,1]
8.0.41550745600.5|[43,20,8,-48,5,20,-2,-4,1]
8.0.41897208013.1|[8,-36,80,-101,84,-43,19,-4,1]
8.0.42016027805.1|[25,-35,40,-49,51,-14,8,-2,1]
8.0.42339322205.1|[17,0,7,-19,27,0,-4,0,1]
8.0.42953391504.1|[16,0,67,0,51,0,13,0,1]
8.0.43724482816.1|[49,126,162,-148,67,0,2,-2,1]
8.0.44165939681.1|[16,-8,4,6,-5,3,1,-1,1]
8.0.45159650064.1|[625,-250,-50,40,-21,8,-2,-2,1]
8.0.46091337728.3|[2,0,16,0,35,0,14,0,1]
8.0.47700744025.1|[256,0,-16,0,-20,0,-1,0,1]
8.0.47883876605.1|[5,0,49,0,45,0,13,0,1]
8.0.48124513129.1|[81,0,-27,0,1,0,-3,0,1]
8.0.49846874384.1|[17,5,86,-17,-2,3,2,-3,1]
8.0.50156289936.1|[16,0,128,0,104,0,19,0,1]
8.0.50257120761.1|[16,-8,-4,2,-1,1,-1,-1,1]
8.0.51631200625.1|[16,0,132,0,133,0,22,0,1]
8.0.51631200625.2|[1,0,22,0,103,0,22,0,1]
8.0.51920597768.1|[16,-8,0,6,-4,3,0,-1,1]
8.0.52541597525.1|[73,-9,47,37,-10,10,5,-1,1]
8.0.53562159225.1|[163,300,168,-6,-10,12,0,-3,1]
8.0.53828646352.1|[81,-27,36,6,5,2,4,-1,1]
8.0.53986082896.1|[81,-81,36,18,-19,6,4,-3,1]
8.0.54546536704.1|[81,-54,9,18,-23,6,1,-2,1]
8.0.54547099733.1|[256,-192,16,-4,14,-1,1,-3,1]
8.0.55376914329.1|[9,18,57,-36,52,-5,8,-1,1]
8.0.56563254725.1|[23,-64,113,-111,89,-43,19,-4,1]
8.0.56834560000.8|[19,-106,233,-276,194,-70,28,-4,1]
8.0.56920893561.2|[1369,-481,-349,-34,133,-2,-10,-2,1]
8.0.57364082064.1|[25,0,92,0,74,0,16,0,1]
8.0.57671542201.1|[9,0,43,0,58,0,16,0,1]
8.0.58427108089.1|[1,0,24,0,30,0,11,0,1]
8.0.58544157681.1|[16,-8,-4,-2,5,-1,-1,-1,1]
8.0.58964790352.1|[256,-64,32,-32,8,-8,2,-1,1]
8.0.59312568200.1|[16,-8,-8,2,4,1,-2,-1,1]
8.0.59881190480.1|[256,-128,80,-56,36,-14,5,-2,1]
8.0.60618379264.1|[4,0,30,0,49,0,16,0,1]
8.0.61408804864.1|[23,-108,210,-224,163,-64,26,-4,1]
8.0.61567504384.1|[29,-96,170,-164,123,-52,22,-4,1]
8.0.62772693125.1|[5,10,-9,-46,62,-27,15,-2,1]
8.0.63560460544.1|[1,-14,98,-100,51,0,2,-2,1]
8.0.63831011904.1|[16,0,315,0,143,0,21,0,1]
8.0.64264278016.1|[1156,-408,-202,-28,95,-2,-9,-2,1]
8.0.64264278016.2|[1156,-272,-406,104,55,2,-7,-2,1]
8.0.64469272464.1|[16,0,76,0,72,0,16,0,1]
8.0.64654249984.1|[29,-116,226,-240,171,-64,26,-4,1]
8.0.66155680576.1|[17,14,19,-23,10,1,3,-1,1]
8.0.67017110336.1|[17,-13,66,42,-3,12,6,-1,1]
8.0.67018854400.1|[81,-54,-9,-12,23,-4,-1,-2,1]
8.0.67174481405.1|[5,0,44,0,62,0,15,0,1]
8.0.67456566592.1|[81,-27,36,-30,7,-10,4,-1,1]
8.0.69527932928.1|[49,-42,27,-30,30,-10,5,-2,1]
8.0.69527932928.6|[124,-112,158,12,27,-18,1,-2,1]
8.0.69799320625.1|[20,30,25,1,4,-5,9,-4,1]
8.0.69805867264.3|[81,198,242,-224,103,0,2,-2,1]
8.0.70255101845.1|[256,0,48,-44,-10,-11,3,0,1]
8.0.70337404944.1|[16,20,53,-27,50,-3,8,-1,1]
8.0.70743764529.1|[36,18,63,-27,75,-6,9,0,1]
8.0.71062763776.1|[49,70,50,-56,35,4,2,-2,1]
8.0.71256963600.1|[172,208,136,64,30,8,7,-1,1]
8.0.72524150480.1|[2,-14,42,-71,74,-49,21,-4,1]
8.0.73004257249.1|[81,-81,27,15,-17,5,3,-3,1]
8.0.73723653441.1|[79,-197,314,-254,178,-64,26,-4,1]
8.0.74640425616.1|[463,-562,774,-450,291,-82,32,-4,1]
8.0.74966440000.1|[4,0,30,0,51,0,15,0,1]
8.0.76024275625.1|[89,20,139,-126,152,-28,24,-2,1]
8.0.76024275625.2|[149,-250,209,-186,172,-38,24,-2,1]
8.0.76870931917.1|[7,-39,87,-109,88,-43,19,-4,1]
8.0.77179507344.1|[157,236,166,68,9,-8,-2,-2,1]
8.0.77292896256.1|[625,0,0,-60,11,-12,0,0,1]
8.0.78261181504.2|[179,-82,14,-76,55,-12,12,-2,1]
8.0.80102584576.1|[1773,558,-448,-210,81,26,-4,-4,1]
8.0.80590693225.1|[81,-108,45,21,-28,7,5,-4,1]
8.0.81029038336.1|[144,0,232,0,113,0,19,0,1]
8.0.82179050837.1|[36,42,-13,-16,37,-15,9,-2,1]
8.0.82686152704.1|[1,0,212,0,122,0,20,0,1]
8.0.83322863649.1|[16,4,37,7,79,16,13,-2,1]
8.0.83607144201.1|[81,-81,36,-27,21,-9,4,-3,1]
8.0.84611174400.5|[1228,688,-518,-320,111,56,-14,-4,1]
8.0.84622508893.1|[3,-20,84,-78,19,-5,5,-1,1]
8.0.85177589904.4|[484,0,-396,0,125,0,-15,0,1]
8.0.87925059325.1|[107,97,7,34,18,-15,11,-4,1]
8.0.88223850625.1|[16,0,100,0,137,0,25,0,1]
8.0.88952455805.1|[17,-77,142,-145,111,-49,21,-4,1]
8.0.90310467289.1|[1,0,69,0,53,0,13,0,1]
8.0.90310467289.2|[11,51,261,-80,-3,20,-6,-2,1]
8.0.92998161936.1|[625,-125,25,10,-42,2,1,-1,1]
8.0.93000601600.1|[81,-54,27,0,-5,0,3,-2,1]
8.0.93399305769.1|[9,0,45,0,45,0,13,0,1]
8.0.93469609984.1|[81,0,198,0,131,0,22,0,1]
8.0.93469609984.2|[49,0,242,0,143,0,22,0,1]
8.0.94475087424.1|[625,-125,-25,-20,46,-4,-1,-1,1]
8.0.94933004544.1|[441,0,742,0,267,0,30,0,1]
8.0.95304198605.1|[19,-68,130,-139,108,-49,21,-4,1]
8.0.95663379776.1|[53,-50,41,-13,-16,15,1,-3,1]
8.0.96467390464.1|[43,-74,105,-112,63,-4,-3,-2,1]
8.0.96885743184.1|[7,-20,71,-5,20,17,-1,-1,1]
8.0.97134356800.1|[256,-128,32,-16,8,-4,2,-2,1]
8.0.98009694225.1|[16,-16,8,-2,-1,-1,2,-2,1]
8.0.98744892169.2|[1,0,13,0,25,0,13,0,1]
8.0.98827868161.1|[4,0,27,0,34,0,11,0,1]
8.0.98827868161.2|[13,-47,90,-98,80,-40,18,-4,1]
8.0.98827868161.3|[3,-19,50,-74,68,-40,18,-4,1]
8.0.99049307841.1|[2401,0,147,0,-40,0,3,0,1]
8.0.99926796544.1|[13,-58,113,-124,98,-46,20,-4,1]
8.0.100249191488.1|[16,-8,4,0,-2,0,1,-1,1]
8.0.100326761536.1|[676,-650,253,-53,-20,29,-4,-3,1]
8.0.100326761536.2|[676,0,-306,0,103,0,-17,0,1]
8.0.100387585600.1|[81,0,-9,0,-4,0,-1,0,1]
8.0.100525141249.1|[1,0,39,0,52,0,19,0,1]
8.0.101378560000.8|[17,-48,54,12,-29,4,10,-4,1]
8.0.101732974592.1|[8,0,40,0,49,0,14,0,1]
8.0.103229191849.1|[43,-19,68,-35,33,11,0,-3,1]
8.0.103340438480.1|[256,-192,48,-28,28,-7,3,-3,1]
8.0.104235141125.1|[31,-90,153,-141,109,-49,21,-4,1]
8.0.106184707205.1|[9,-75,188,-123,57,-18,5,-3,1]
8.0.106881917184.1|[841,0,-610,0,179,0,-22,0,1]
8.0.107334691280.1|[256,-64,-32,0,8,0,-2,-1,1]
8.0.107366318224.1|[59,-146,242,-210,151,-58,24,-4,1]
8.0.108375105616.1|[81,-81,36,-18,11,-6,4,-3,1]
8.0.108586725625.2|[25,0,155,0,154,0,24,0,1]
8.0.108773316864.1|[73,-180,277,-212,152,-58,24,-4,1]
8.0.110082237733.1|[81,0,18,-9,11,-3,2,0,1]
8.0.110518532725.1|[13,-8,19,9,-14,0,5,-2,1]
8.0.111946453056.1|[16,0,136,0,129,0,22,0,1]
8.0.116183494449.3|[256,224,404,-118,181,-2,17,-2,1]
8.0.116313277205.1|[73,-137,211,-163,120,-49,21,-4,1]
8.0.116319195136.6|[576,0,-344,0,73,0,10,0,1]
8.0.116600422453.1|[63,87,59,24,14,3,7,-2,1]
8.0.118223194896.1|[4,0,103,0,83,0,17,0,1]
8.0.118247952384.8|[17,-82,142,-134,103,-46,20,-4,1]
8.0.118288532761.1|[81,-54,9,18,-17,6,1,-2,1]
8.0.118976015041.1|[653,673,270,-82,-11,16,4,-3,1]
8.0.119399843581.1|[41,-94,151,-127,97,-43,19,-4,1]
8.0.119416738901.1|[43,-187,283,-209,148,-55,23,-4,1]
8.0.119563808400.1|[1084,920,324,116,-18,-22,-1,-3,1]
8.0.120561728400.1|[100,50,115,-25,76,-1,10,-1,1]
8.0.122869878784.1|[9,-42,98,-130,111,-58,24,-4,1]
8.0.123466469405.1|[45,0,119,0,78,0,16,0,1]
8.0.123762071205.1|[3,-18,45,-65,61,-37,17,-4,1]
8.0.125576679424.16|[43,-124,200,-168,125,-52,22,-4,1]
8.0.126677381225.1|[3,-17,42,-60,56,-34,16,-4,1]
8.0.126976057569.1|[2401,-343,-441,28,44,4,-9,-1,1]
8.0.127081653125.2|[256,-128,-16,-12,30,-3,-1,-2,1]
8.0.127586124864.2|[4621,-4042,1029,-460,194,-38,19,0,1]
8.0.127689016896.1|[1132,890,261,149,-12,-19,2,-3,1]
8.0.127774791936.1|[625,-250,-25,40,-31,8,-1,-2,1]
8.0.128370290944.1|[441,-294,98,280,247,48,2,-2,1]
8.0.128525835025.1|[16,-8,4,-6,3,-3,1,-1,1]
8.0.130109682449.1|[16,-8,0,-4,5,-2,0,-1,1]
8.0.131136688384.1|[4,0,288,0,149,0,22,0,1]
8.0.134078311261.1|[81,-27,18,-24,11,-8,2,-1,1]
8.0.134160390125.1|[5,0,97,0,81,0,17,0,1]
8.0.135783664245.1|[256,-64,0,0,-8,0,0,-1,1]
8.0.136377097616.1|[191,228,114,76,17,-4,4,-2,1]
8.0.137305820304.1|[79,-248,434,-398,265,-82,32,-4,1]
8.0.137759745600.1|[208,220,163,39,10,-13,0,-3,1]
8.0.138169810944.4|[81,0,-18,0,-3,0,-2,0,1]
8.0.141966936225.1|[25,0,190,0,171,0,25,0,1]
8.0.142887024016.1|[81,-81,27,-18,16,-6,3,-3,1]
8.0.143162343424.1|[229,-316,446,-280,191,-64,26,-4,1]
8.0.150277116125.1|[37,-35,66,-71,44,-9,8,-4,1]
8.0.154266701824.3|[19,-76,140,-144,113,-52,22,-4,1]
8.0.154550410641.1|[16,0,-60,0,221,0,-15,0,1]
8.0.156164861329.1|[4,0,79,0,61,0,14,0,1]
8.0.156164861329.2|[81,-54,-27,15,4,5,-3,-2,1]
8.0.156164861329.3|[81,-27,-27,3,13,1,-3,-1,1]
8.0.156765196288.6|[167,250,169,-14,-24,-6,7,-2,1]
8.0.158131089649.1|[16,0,84,0,89,0,21,0,1]
8.0.158981625625.1|[121,0,312,0,198,0,27,0,1]
8.0.158981625625.2|[191,-463,691,-484,313,-88,34,-4,1]
8.0.164856300625.1|[16,0,120,0,157,0,25,0,1]
8.0.164856300625.2|[41,-35,27,-148,159,-38,24,-2,1]
8.0.165650760208.1|[81,-27,18,-15,14,-5,2,-1,1]
8.0.168284550625.1|[16,0,104,0,157,0,26,0,1]
8.0.168284550625.2|[1,0,234,0,187,0,26,0,1]
8.0.169225172752.1|[81,0,-18,-6,13,-2,-2,0,1]
8.0.170308443456.1|[131,224,169,87,18,-3,-1,-1,1]
8.0.170532657936.1|[64,0,236,0,116,0,19,0,1]
8.0.172896292864.1|[28,-16,-74,8,75,-12,18,0,1]
8.0.172896292864.2|[92,-48,14,-8,99,-4,18,0,1]
8.0.176421206405.1|[256,0,80,-44,12,-11,5,0,1]
8.0.178705725696.1|[625,0,-75,-30,29,-6,-3,0,1]
8.0.178898545296.1|[64,0,331,0,183,0,25,0,1]
8.0.178959457296.1|[19,-92,200,-236,169,-64,26,-4,1]
8.0.180173083024.1|[81,-54,0,18,-17,6,0,-2,1]
8.0.180224022784.5|[529,0,-53,0,89,0,-17,0,1]
8.0.180427853824.1|[13,-88,238,-324,223,-76,30,-4,1]
8.0.182512279872.1|[81,-27,-18,0,9,0,-2,-1,1]
8.0.184597403904.1|[17,-92,221,-280,196,-70,28,-4,1]
8.0.185244160000.11|[59,-222,405,-392,262,-82,32,-4,1]
8.0.187236405845.1|[5,-28,71,-99,83,-43,19,-4,1]
8.0.187804356496.2|[236,212,141,17,18,-3,6,-3,1]
8.0.189058383872.4|[2,0,32,0,51,0,14,0,1]
8.0.190568044681.1|[81,0,217,0,129,0,21,0,1]
8.0.191914086400.1|[7,58,95,-116,102,-42,20,-4,1]
8.0.194401733805.1|[3,-18,48,-73,70,-43,19,-4,1]
8.0.194754273881.1|[59,160,153,53,44,-11,3,-1,1]
8.0.195796515121.1|[4,0,43,0,62,0,15,0,1]
8.0.195796515121.2|[11,-45,92,-110,96,-52,22,-4,1]
8.0.195796515121.3|[36,0,91,0,62,0,15,0,1]
8.0.196199387136.1|[2011,-2060,2548,-1016,609,-124,46,-4,1]
8.0.197601236045.1|[125,0,284,0,122,0,19,0,1]
8.0.198038498125.1|[81,-54,45,-21,17,-7,5,-2,1]
8.0.201302974224.2|[6043,-3335,-810,475,-112,23,22,-3,1]
8.0.203456025721.1|[9,0,205,0,133,0,25,0,1]
8.0.203456025721.2|[127,-481,677,-418,275,-82,32,-4,1]
8.0.205404019280.1|[60,40,-22,16,27,-27,7,-3,1]
8.0.206658432409.1|[16,0,107,0,92,0,20,0,1]
8.0.212558803681.1|[1,0,35,0,60,0,15,0,1]
8.0.212858281205.1|[7,-36,71,-81,69,-37,17,-4,1]
8.0.213299880336.2|[36,-72,228,180,178,38,15,-1,1]
8.0.213452923445.1|[256,-128,144,-68,46,-17,9,-2,1]
8.0.214032068496.1|[64,0,140,0,92,0,19,0,1]
8.0.214065379584.1|[61,-236,359,-266,184,-64,26,-4,1]
8.0.214929596025.1|[81,-27,9,9,-9,3,1,-1,1]
8.0.216977092864.1|[61,-194,296,-222,157,-58,24,-4,1]
8.0.218039403125.1|[23,-70,123,-119,93,-43,19,-4,1]
8.0.222347142369.2|[961,-496,-271,-148,226,-2,-13,-2,1]
8.0.224761642573.1|[81,-108,63,-15,-1,-5,7,-4,1]
8.0.225507215376.1|[576,0,684,0,228,0,27,0,1]
8.0.226160406152.1|[16,-8,0,2,-4,1,0,-1,1]
8.0.227076075625.1|[169,91,295,-166,217,-34,28,-2,1]
8.0.227704569856.1|[1156,0,-712,0,174,0,-20,0,1]
8.0.229283914896.1|[292,156,111,27,38,-9,12,-3,1]
8.0.230827398025.1|[11,-56,109,-120,96,-46,20,-4,1]
8.0.231204220569.1|[81,-27,18,-9,9,-3,2,-1,1]
8.0.232290122077.1|[81,-54,-27,9,11,3,-3,-2,1]
8.0.233850583561.1|[25,0,113,0,77,0,17,0,1]
8.0.233892173376.1|[2401,-1029,49,126,-96,18,1,-3,1]
8.0.235753947025.1|[157,212,152,70,26,4,4,-1,1]
8.0.237317076605.1|[347,184,-1,69,30,-17,16,-4,1]
8.0.237515098817.1|[9,-48,101,-122,102,-52,22,-4,1]
8.0.239535851776.2|[289,0,-200,0,74,0,-11,0,1]
8.0.240543597845.1|[256,-128,48,-8,4,-2,3,-2,1]
8.0.250113730429.1|[256,-128,-16,-28,38,-7,-1,-2,1]
8.0.252796778521.1|[25,0,68,0,54,0,15,0,1]
8.0.252936573184.7|[269,454,647,226,52,-48,-13,0,1]
8.0.253658286025.2|[625,-125,25,75,-15,15,1,-1,1]
8.0.256356904489.1|[43,-67,79,-80,83,-24,2,0,1]
8.0.256416653376.1|[4,-18,5,99,128,33,-8,-3,1]
8.0.256992219136.2|[68,-88,-2,-8,99,-28,26,0,1]
8.0.260183960917.1|[81,-54,36,-33,22,-11,4,-2,1]
8.0.262866417025.2|[16,16,36,8,-21,-4,9,-2,1]
8.0.264925354681.1|[676,-286,-33,-66,76,-12,2,-2,1]
8.0.264925354681.2|[1616,2236,925,-32,-88,-26,-8,0,1]
8.0.268473204736.1|[11,-44,86,-96,79,-40,18,-4,1]
8.0.270413520169.1|[9,0,148,0,106,0,19,0,1]
8.0.270413520169.2|[61,-151,257,-232,167,-64,26,-4,1]
8.0.272314785645.1|[5,-27,58,-73,65,-37,17,-4,1]
8.0.279238075205.1|[256,-192,80,8,-12,2,5,-3,1]
8.0.280136700253.1|[81,-81,54,-36,19,-12,6,-3,1]
8.0.281044178496.1|[148,666,723,-185,4,-27,-2,-1,1]
8.0.282822679445.1|[19,-59,107,-109,88,-43,19,-4,1]
8.0.284610513121.1|[5,-29,68,-90,76,-40,18,-4,1]
8.0.292226736400.1|[81,-81,27,12,-16,4,3,-3,1]
8.0.295539103205.1|[11,-46,95,-111,89,-43,19,-4,1]
8.0.299047892816.1|[253,200,105,51,22,-11,7,-3,1]
8.0.302680426896.1|[81,-27,-9,0,0,0,-1,-1,1]
8.0.307465814016.4|[9,0,232,0,138,0,24,0,1]
8.0.308052750625.1|[19,21,-25,-156,187,-54,28,-2,1]
8.0.310455853805.1|[49,-224,342,-193,38,9,-2,-3,1]
8.0.317915445209.1|[121,-231,354,-266,184,-64,26,-4,1]
8.0.319577657344.2|[36,24,-82,8,91,-4,18,0,1]
8.0.320810112072.1|[256,-128,48,-24,16,-6,3,-2,1]
8.0.322133434624.1|[41,-184,338,-332,227,-76,30,-4,1]
8.0.325100670976.1|[19,-90,151,-136,104,-46,20,-4,1]
8.0.325255777344.2|[64,0,-88,0,113,0,-11,0,1]
8.0.326872905984.1|[373,-570,763,-410,266,-76,30,-4,1]
8.0.327166840225.1|[16,-8,0,4,-3,2,0,-1,1]
8.0.327838695184.3|[113,-5,-56,11,54,-31,8,-3,1]
8.0.331186438144.1|[439,-692,510,-432,243,-72,30,-4,1]
8.0.333920995328.3|[164,304,317,73,29,14,1,-1,1]
8.0.334776171717.1|[256,-64,16,-12,6,-3,1,-1,1]
8.0.335761143601.1|[625,-375,125,-5,-4,-1,5,-3,1]
8.0.335761143601.2|[245,357,65,-56,1,20,12,-2,1]
8.0.337325155209.1|[149,236,142,60,21,12,5,-1,1]
8.0.344796426005.1|[256,-192,112,-40,20,-10,7,-3,1]
8.0.349503251344.1|[36,0,88,0,64,0,15,0,1]
8.0.349503251344.2|[81,-27,-18,9,-2,3,-2,-1,1]
8.0.349503251344.3|[81,0,-18,-6,1,-2,-2,0,1]
8.0.351915900625.1|[16,0,376,0,237,0,29,0,1]
8.0.351915900625.2|[149,-350,581,-492,322,-94,36,-4,1]
8.0.353054625856.1|[1444,-418,-239,159,8,-3,4,-3,1]
8.0.353054625856.2|[1444,0,-866,0,199,0,-21,0,1]
8.0.353729941504.1|[17,-142,329,48,19,28,-9,-2,1]
8.0.363779065881.1|[9,0,93,0,73,0,17,0,1]
8.0.382453665757.1|[81,-108,54,3,-14,1,6,-4,1]
8.0.387381760000.8|[241,-340,312,-258,244,-48,29,-2,1]
8.0.389296132096.1|[25,0,122,0,91,0,18,0,1]
8.0.394613633149.1|[256,-192,96,-52,38,-13,6,-3,1]
8.0.395794338125.1|[256,-64,16,-12,-10,-3,1,-1,1]
8.0.396638540077.1|[256,-64,48,24,-12,6,3,-1,1]
8.0.404945140609.1|[81,-54,9,21,-20,7,1,-2,1]
8.0.404945140609.2|[81,-27,9,15,-11,5,1,-1,1]
8.0.404945140609.3|[144,0,203,0,97,0,18,0,1]
8.0.410565995201.2|[256,-192,48,-32,28,-8,3,-3,1]
8.0.417688178944.1|[17,-78,176,-218,165,-70,28,-4,1]
8.0.433732885056.1|[16,0,172,0,108,0,19,0,1]
8.0.439745908496.1|[625,-125,0,-15,2,-3,0,-1,1]
8.0.440008699241.1|[61,-153,244,-200,146,-58,24,-4,1]
8.0.442144368133.1|[20,34,11,11,9,-9,8,-4,1]
8.0.443076609600.1|[625,-375,75,0,-10,0,3,-3,1]
8.0.446834760849.1|[361,-228,-103,-80,126,-2,-9,-2,1]
8.0.447642096845.1|[45,0,104,0,70,0,15,0,1]
8.0.451359829557.1|[81,-27,-9,0,3,0,-1,-1,1]
8.0.459354695488.1|[81,-81,18,18,-19,6,2,-3,1]
8.0.470321640000.1|[16,-4,61,23,220,17,16,-1,1]
8.0.475018694656.4|[4,0,44,0,117,0,22,0,1]
8.0.478075765445.1|[61,98,75,17,4,0,3,-3,1]
8.0.483215448769.1|[1,0,91,0,68,0,15,0,1]
8.0.483215448769.2|[19,-66,125,-134,108,-52,22,-4,1]
8.0.483215448769.3|[1,0,19,0,44,0,15,0,1]
8.0.483387858121.1|[757,944,560,182,-7,-28,-7,-1,1]
8.0.486117122841.1|[9,0,43,0,42,0,12,0,1]
8.0.489596882944.13|[227,130,-169,-4,51,-16,7,-2,1]
8.0.518152349584.1|[29,-132,228,-210,151,-58,24,-4,1]
8.0.518152349584.2|[81,-81,9,24,-20,8,1,-3,1]
8.0.518152349584.3|[81,-27,9,0,4,0,1,-1,1]
8.0.529414856881.1|[68,-192,393,-245,43,32,-10,-1,1]
8.0.535051286784.1|[13,-72,157,-188,140,-58,24,-4,1]
8.0.536808259584.3|[101,-164,248,-184,133,-52,22,-4,1]
8.0.537325650625.1|[29,71,35,-176,197,-34,28,-2,1]
8.0.537325650625.2|[89,-149,95,-216,217,-44,28,-2,1]
8.0.544627764121.1|[1,0,19,0,38,0,12,0,1]
8.0.558003024016.1|[81,-27,-27,12,4,4,-3,-1,1]
8.0.560157737024.1|[157,64,135,34,18,-20,1,-2,1]
8.0.564253364224.1|[3492,1608,-1294,-600,231,80,-22,-4,1]
8.0.568166197824.1|[3364,0,-986,0,231,0,-17,0,1]
8.0.581871468025.2|[19,25,1,-50,21,2,4,-4,1]
8.0.588669493504.1|[17,-90,212,-270,201,-82,32,-4,1]
8.0.589363290000.1|[36,0,132,0,124,0,23,0,1]
8.0.592064074849.1|[1521,-507,-520,169,55,1,-6,-3,1]
8.0.592064074849.2|[1521,-507,-325,-39,120,-5,-7,-2,1]
8.0.602697584896.1|[2809,-2014,722,-312,15,16,2,-2,1]
8.0.624715808645.1|[256,-64,32,-4,22,-1,2,-1,1]
8.0.630831474001.1|[81,-81,9,21,-17,7,1,-3,1]
8.0.630831474001.2|[81,-27,9,-9,7,-3,1,-1,1]
8.0.630831474001.3|[29,-105,192,-192,142,-58,24,-4,1]
8.0.637282890000.1|[64,0,316,0,185,0,26,0,1]
8.0.646911358864.1|[81,-27,-45,6,16,2,-5,-1,1]
8.0.656825960704.1|[2401,0,-441,0,109,0,-9,0,1]
8.0.675532760464.1|[4,0,36,0,60,0,15,0,1]
8.0.675532760464.2|[17,-70,142,-160,121,-52,22,-4,1]
8.0.675532760464.3|[5,-34,94,-136,109,-52,22,-4,1]
8.0.682533503632.1|[81,-27,9,6,4,2,1,-1,1]
8.0.704491635600.1|[400,0,508,0,176,0,23,0,1]
8.0.723159750544.1|[16,0,75,0,67,0,17,0,1]
8.0.751106488896.1|[625,-125,-125,-20,42,-4,-5,-1,1]
8.0.752807846025.1|[7,-20,41,50,-25,-11,14,-4,1]
8.0.770829564961.1|[173,284,162,8,-6,6,0,-3,1]
8.0.786624210632.1|[18,0,59,0,56,0,14,0,1]
8.0.786912700561.1|[25,-130,257,-280,206,-82,32,-4,1]
8.0.786912700561.2|[144,0,376,0,181,0,25,0,1]
8.0.791381043216.1|[2401,0,196,-168,-27,-24,4,0,1]
8.0.793089827136.1|[81,-27,18,-18,9,-6,2,-1,1]
8.0.793453448000.1|[17,-81,153,-163,130,-61,25,-4,1]
8.0.798269362813.1|[256,0,112,-12,28,-3,7,0,1]
8.0.811082161201.1|[169,0,255,0,116,0,19,0,1]
8.0.831096606025.1|[81,0,211,0,126,0,24,0,1]
8.0.834847581456.1|[625,-125,-75,-30,42,-6,-3,-1,1]
8.0.847460171776.1|[89,8,0,80,82,-8,-16,0,1]
8.0.932284871401.1|[1444,-494,-49,-60,88,-4,-8,-2,1]
8.0.932284871401.2|[64,0,171,0,136,0,32,0,1]
8.0.947859963561.1|[1,0,100,0,90,0,19,0,1]
8.0.953381611125.1|[256,-128,-16,-12,22,-3,-1,-2,1]
8.0.956658091921.1|[81,-27,-45,9,13,3,-5,-1,1]
8.0.956658091921.2|[81,0,-45,-3,16,-1,-5,0,1]
8.0.956658091921.3|[9,-41,92,-116,94,-46,20,-4,1]
8.0.1032146895125.1|[256,-192,96,-68,46,-17,6,-3,1]
8.0.1044443982141.1|[256,-128,144,-60,46,-15,9,-2,1]
8.0.1061825141601.1|[81,-54,-9,9,0,3,-1,-2,1]
8.0.1061825141601.2|[81,-27,-9,-9,9,-3,-1,-1,1]
8.0.1061825141601.3|[3,-21,62,-100,96,-58,24,-4,1]
8.0.1112870161728.1|[81,-81,36,0,-9,0,4,-3,1]
8.0.1134687257089.1|[9,0,58,0,79,0,17,0,1]
8.0.1134687257089.2|[29,-97,188,-200,146,-58,24,-4,1]
8.0.1134687257089.3|[5,-37,110,-164,128,-58,24,-4,1]
8.0.1186323657800.1|[256,-192,80,-8,0,-2,5,-3,1]
8.0.1191271503845.1|[256,-64,0,12,4,3,0,-1,1]
8.0.1232144400400.1|[100,0,240,0,116,0,19,0,1]
8.0.1236979086605.1|[29,-83,150,-149,113,-49,21,-4,1]
8.0.1241531758800.1|[81,-27,18,18,-9,6,2,-1,1]
8.0.1288009359025.1|[729,0,823,0,284,0,35,0,1]
8.0.1297259494729.1|[256,-64,-16,-8,16,-2,-1,-1,1]
8.0.1308350511845.1|[256,-128,-48,-12,38,-3,-3,-2,1]
8.0.1415699939405.1|[13,-67,131,-143,110,-49,21,-4,1]
8.0.1583589758645.1|[256,-192,96,-76,46,-19,6,-3,1]
8.0.1607473350125.1|[19,-91,163,-161,124,-55,23,-4,1]
8.0.1670858708689.2|[1225,-175,82,3,47,-33,4,-3,1]
8.0.1678174178000.1|[61,-117,191,-165,126,-55,23,-4,1]
8.0.1690304213689.1|[261,555,317,0,147,-8,26,-2,1]
8.0.1692715489936.1|[17,-68,124,-126,99,-46,20,-4,1]
8.0.1716897902096.1|[272,220,35,71,22,-5,12,-3,1]
8.0.1730827040881.1|[1,0,46,0,59,0,17,0,1]
8.0.1750621371845.1|[113,67,59,-2,24,-13,11,-4,1]
8.0.1818980900416.1|[176,284,147,23,-6,3,0,-3,1]
8.0.1928598787600.1|[81,-54,0,18,-13,6,0,-2,1]
8.0.1992856278125.2|[29,-127,267,-303,210,-73,29,-4,1]
8.0.2032573161125.1|[256,0,-48,-4,28,-1,-3,0,1]
8.0.2060235821405.1|[97,-191,285,-205,146,-55,23,-4,1]
8.0.2067549088813.1|[256,0,-16,-12,14,-3,-1,0,1]
8.0.2207447119504.1|[241,260,128,-2,-1,-2,4,-4,1]
8.0.2207447119504.2|[625,-250,100,-90,39,-18,4,-2,1]
8.0.2207447119504.3|[44,132,420,320,38,-38,-9,0,1]
8.0.2246065721344.1|[625,-250,-25,-30,44,-6,-1,-2,1]
8.0.2273035660281.1|[625,0,-25,-30,23,-6,-1,0,1]
8.0.2352434904101.1|[625,-375,150,-40,-7,-8,6,-3,1]
8.0.2366576103424.1|[441,672,512,-364,154,24,8,-4,1]
8.0.2404608462400.1|[81,-27,9,-6,-4,-2,1,-1,1]
8.0.2414904206013.1|[256,0,16,-4,-18,-1,1,0,1]
8.0.2421541062113.2|[751,-715,268,151,-45,23,0,-3,1]
8.0.2436396322816.2|[1009,-532,108,-102,148,-60,17,-2,1]
8.0.2534451177744.1|[625,-250,100,-40,9,-8,4,-2,1]
8.0.2534719825525.1|[388,44,179,-41,65,-23,16,-4,1]
8.0.2552354368317.1|[256,-128,112,-84,30,-21,7,-2,1]
8.0.2576952773521.1|[281,-440,642,13,-4,12,-8,-1,1]
8.0.2636258533205.1|[107,67,69,-2,22,-13,9,-4,1]
8.0.2682495582605.1|[625,-250,150,-45,15,-9,6,-2,1]
8.0.2835303674896.1|[625,-375,-25,80,-34,16,-1,-3,1]
8.0.3044396832400.1|[196,0,284,0,120,0,19,0,1]
8.0.3126578056805.1|[256,-192,80,-40,20,-10,5,-3,1]
8.0.3171294940969.1|[256,-64,16,-8,0,-2,1,-1,1]
8.0.3232731272805.1|[256,-128,48,36,-20,9,3,-2,1]
8.0.3264328758613.1|[81,-27,0,0,-7,0,0,-1,1]
8.0.3322298703680.1|[227,240,93,59,10,-7,5,-3,1]
8.0.3345889945445.1|[256,-256,112,-12,-4,-3,7,-4,1]
8.0.3769637104400.1|[625,-375,225,-50,30,-10,9,-3,1]
8.0.3858505918864.1|[1,0,24,0,66,0,20,0,1]
8.0.3858505918864.2|[64,0,204,0,120,0,20,0,1]
8.0.3960534888037.1|[81,-54,0,-9,14,-3,0,-2,1]
8.0.3972336931205.1|[256,0,-112,-4,38,-1,-7,0,1]
8.0.4238709457205.1|[256,-192,128,-68,38,-17,8,-3,1]
8.0.4320046447205.1|[256,0,80,-4,22,-1,5,0,1]
8.0.4375794144592.1|[81,-27,0,18,-7,6,0,-1,1]
8.0.4578589975696.1|[188,292,129,5,-4,13,4,-3,1]
8.0.5385569201029.1|[625,-125,-50,30,-21,6,-2,-1,1]
8.0.5580787292161.2|[6563,5774,488,120,250,10,21,-2,1]
8.0.5592392550976.1|[625,-125,75,-80,14,-16,3,-1,1]
8.0.5617810116864.1|[89,-254,392,-298,205,-70,28,-4,1]
8.0.6500280200000.1|[625,-125,0,50,-25,10,0,-1,1]
8.0.6813238278125.1|[625,-375,75,-5,0,-1,3,-3,1]
8.0.6942302780625.1|[81,-27,-9,9,-9,3,-1,-1,1]
8.0.7535717440173.1|[256,-64,-32,12,6,3,-2,-1,1]
8.0.8024785315805.1|[625,-125,0,20,-45,4,0,-1,1]
8.0.8137737539584.8|[67,-166,281,-252,182,-70,28,-4,1]
8.0.8410562609409.1|[36,0,91,0,66,0,15,0,1]
8.0.8410562609409.2|[59,-137,218,-178,130,-52,22,-4,1]
8.0.8410562609409.3|[5,-29,74,-106,94,-52,22,-4,1]
8.0.8528911375680.1|[625,-375,100,-80,55,-16,4,-3,1]
8.0.12072122454016.1|[124,-128,-114,8,235,-44,42,0,1]
8.0.13004685652401.1|[496,432,1144,194,-21,29,-5,-3,1]
8.0.13877186704400.1|[625,-500,150,50,-55,10,6,-4,1]
8.0.14311278150625.1|[16,0,180,0,417,0,45,0,1]
8.0.14513053635125.1|[256,-64,64,-4,6,-1,4,-1,1]
8.0.14707771446080.1|[625,-125,75,5,20,1,3,-1,1]
8.0.15230988764480.1|[199,280,123,9,0,11,5,-3,1]
8.0.15366885705125.1|[256,-128,48,-44,28,-11,3,-2,1]
8.0.17352898193761.1|[117,195,-127,-192,87,4,44,-2,1]
8.0.18640227709489.1|[784,0,984,0,309,0,33,0,1]
8.0.20316258110736.1|[188,272,136,32,-2,0,1,-3,1]
8.0.23853768577024.2|[1028,600,-342,-488,175,80,-22,-4,1]
8.0.25537902678016.1|[1600,0,-1208,0,249,0,26,0,1]
8.0.29422390426081.1|[256,0,816,0,648,0,51,0,1]
8.0.30654039218881.2|[4225,0,-1313,0,194,0,16,0,1]
8.0.35351830441280.1|[29,-135,223,-193,140,-55,23,-4,1]
8.0.43417119826125.1|[625,-375,-50,50,-5,10,-2,-3,1]
8.0.44790479819761.1|[49,0,205,0,143,0,30,0,1]
8.0.61797955078205.1|[180,0,311,0,132,0,20,0,1]
8.0.68346291312080.1|[625,-125,-50,-20,15,-4,-2,-1,1]
8.0.72297502896125.1|[304,228,29,49,15,-9,12,-4,1]
8.0.79083798334205.1|[625,-250,100,-45,40,-9,4,-2,1]
8.0.158888848532544.1|[625,-125,-25,20,-34,4,-1,-1,1]
8.0.234587087188205.1|[625,-250,150,-95,20,-19,6,-2,1]
8.0.2514075857394721.1|[100557,-17232,17251,-168,-1040,-48,7,0,1]
