# format: CM field label|CM field coeffs|reflex field coeffs

8.0.142635249.1|[16,-24,12,6,-11,3,3,-3,1]|[27,-9,-6,6,-2,-1,1]
8.0.152695449.1|[16,-16,0,6,-5,3,0,-2,1]|[8,-19,28,-19,12,-3,1]
8.0.310217769.2|[1,1,5,-4,15,-2,4,0,1]|[16,-7,38,-30,6,-2,1]
8.0.391881616.1|[16,-24,8,8,-10,4,2,-3,1]|[8,-4,-2,5,-1,-1,1]
8.0.447703281.1|[16,-8,-8,4,3,2,-2,-1,1]|[4,-17,28,-23,14,-3,1]
8.0.562828176.1|[16,-16,4,4,-6,2,1,-2,1]|[64,-32,-12,18,-3,-2,1]
8.0.624650049.1|[4,2,9,0,15,2,5,-1,1]|[15,39,34,-22,2,-2,1]
8.0.1635150969.3|[1,0,40,0,38,0,11,0,1]|[14,-27,38,-23,14,-3,1]
8.0.1767277521.3|[7,-38,64,-40,38,-10,1,-2,1]|[192,0,117,0,21,0,1]
8.0.1898257761.1|[4,0,19,0,26,0,11,0,1]|[3,0,14,0,11,0,1]
8.0.2091141441.1|[81,-27,9,9,-15,3,1,-1,1]|[27,0,-6,-3,-2,0,1]
8.0.2672476416.4|[1,2,9,-10,24,-4,5,0,1]|[94,-77,31,-2,8,-3,1]
8.0.3098592225.1|[4,0,23,0,29,0,10,0,1]|[3,0,17,0,10,0,1]
8.0.3137792256.3|[4,4,12,0,18,4,8,-2,1]|[34,-14,36,-28,6,-2,1]
8.0.3318796881.1|[4,0,43,0,38,0,11,0,1]|[5,-18,29,-23,14,-3,1]
8.0.3535848369.1|[21,-72,61,14,-18,4,6,-4,1]|[108,0,109,0,22,0,1]
8.0.3755360961.1|[1,1,6,-5,24,-2,5,0,1]|[19,-9,71,-58,10,-1,1]
8.0.4069419264.1|[1,-12,55,-84,50,0,-7,0,1]|[64,-16,0,0,0,-1,1]
8.0.4443955569.1|[9,0,39,0,42,0,12,0,1]|[3,0,24,0,12,0,1]
8.0.4601315889.1|[9,12,31,-14,26,-3,6,-1,1]|[493,159,97,-38,4,-1,1]
8.0.4718041344.2|[256,-128,112,-80,25,-20,7,-2,1]|[16,6,57,-34,0,0,1]
8.0.4922986896.1|[4,0,47,0,47,0,13,0,1]|[7,-31,44,-27,16,-3,1]
8.0.5677321104.1|[13,-52,108,-126,99,-46,20,-4,1]|[3,0,35,0,13,0,1]
8.0.5808268944.1|[16,12,29,-7,24,-1,6,-1,1]|[229,231,74,-31,-2,-1,1]
8.0.6034027041.1|[9,3,19,-6,33,-2,6,0,1]|[142,-123,144,-43,24,-3,1]
8.0.6339822129.1|[25,20,46,-14,35,-2,7,-1,1]|[147,0,156,0,24,0,1]
8.0.7296405561.1|[4,6,19,-7,29,4,9,-2,1]|[31,-74,91,-35,20,-3,1]
8.0.7401332961.1|[9,0,57,0,49,0,13,0,1]|[6,-27,40,-27,16,-3,1]
8.0.7798302864.1|[4,0,28,0,32,0,11,0,1]|[5,-21,32,-23,14,-3,1]
8.0.7889170041.1|[25,0,63,0,46,0,12,0,1]|[3,0,16,0,12,0,1]
8.0.8248090761.1|[64,8,57,-7,41,-2,7,0,1]|[205,-128,151,-47,26,-3,1]
8.0.8579946384.1|[64,0,140,0,80,0,16,0,1]|[12,0,32,0,16,0,1]
8.0.9310127121.1|[7,-33,74,-94,78,-40,18,-4,1]|[3,0,26,0,11,0,1]
8.0.9503910144.2|[4,0,36,0,40,0,12,0,1]|[27,-18,-3,6,-1,-2,1]
8.0.9604196001.1|[1,2,9,-8,26,1,6,-1,1]|[25,-7,111,-68,12,-1,1]
8.0.10189691136.1|[31,-102,194,-202,147,-58,24,-4,1]|[10,-22,0,20,8,-2,1]
8.0.10381368321.1|[52,98,81,29,3,-4,-1,-3,1]|[52,-76,95,-39,22,-3,1]
8.0.11033191521.1|[57,81,76,24,14,1,4,-2,1]|[10,-29,46,-35,20,-3,1]
8.0.12192797241.1|[256,-64,-48,-8,32,-2,-3,-1,1]|[64,-16,-12,6,-3,-1,1]
8.0.12456568881.1|[25,0,62,0,47,0,13,0,1]|[7,-22,35,-27,16,-3,1]
8.0.12841195761.1|[63,93,79,15,6,-1,3,-3,1]|[12,0,33,0,21,0,1]
8.0.12924961344.1|[36,0,96,0,73,0,17,0,1]|[22,-50,67,-35,20,-3,1]
8.0.13314621321.1|[1,0,65,0,53,0,13,0,1]|[22,-37,50,-27,16,-3,1]
8.0.14062165056.1|[256,-64,16,16,-28,4,1,-1,1]|[48,0,81,0,30,0,1]
8.0.14596505856.2|[84,-156,238,-180,131,-52,22,-4,1]|[24,-30,26,20,-6,-1,1]
8.0.14821358049.1|[256,-64,-80,-4,37,-1,-5,-1,1]|[4,-21,42,-43,24,-3,1]
8.0.15706355625.2|[9,0,51,0,70,0,16,0,1]|[3,0,52,0,16,0,1]
8.0.16197398361.1|[1,-15,83,-120,65,0,-8,0,1]|[75,0,68,0,16,0,1]
8.0.16307545401.1|[7,-40,93,-120,96,-46,20,-4,1]|[12,0,41,0,13,0,1]
8.0.17819046144.3|[4,4,16,-4,38,8,10,-2,1]|[343,0,-21,-20,-3,0,1]
8.0.18441911601.1|[16,0,99,0,70,0,15,0,1]|[27,0,58,0,15,0,1]
8.0.18743800464.1|[124,228,177,85,16,-3,-2,-1,1]|[108,0,92,0,19,0,1]
8.0.18921653136.1|[79,-180,278,-214,153,-58,24,-4,1]|[27,0,47,0,17,0,1]
8.0.20151789849.1|[25,0,77,0,53,0,13,0,1]|[4,-19,32,-27,16,-3,1]
8.0.20428699041.1|[144,0,267,0,118,0,19,0,1]|[9,-36,55,-39,22,-3,1]
8.0.21307532841.1|[1,8,71,-54,56,-9,8,-1,1]|[27,-18,12,-9,4,-2,1]
8.0.21913473024.11|[4,0,12,8,34,12,10,-2,1]|[27,0,63,0,18,0,1]
8.0.22137868944.1|[4,0,23,0,35,0,13,0,1]|[19,-37,50,-27,16,-3,1]
8.0.22452325281.1|[25,0,87,0,64,0,15,0,1]|[8,-34,49,-31,18,-3,1]
8.0.22484702601.1|[28,-82,141,-132,102,-46,20,-4,1]|[12,0,29,0,13,0,1]
8.0.22517103249.1|[64,0,115,0,65,0,14,0,1]|[3,0,17,0,14,0,1]
8.0.22646939121.1|[4,0,55,0,53,0,14,0,1]|[27,0,41,0,14,0,1]
8.0.23549664681.1|[139,244,154,52,18,14,4,-1,1]|[343,-98,-42,29,-6,-2,1]
8.0.23773939344.1|[36,0,132,0,85,0,17,0,1]|[10,-44,61,-35,20,-3,1]
8.0.24166878849.1|[1,0,38,0,47,0,13,0,1]|[13,-40,53,-27,16,-3,1]
8.0.25606400400.1|[4,0,31,0,47,0,17,0,1]|[89,-75,92,-35,20,-3,1]
8.0.25846028289.1|[256,-64,-16,-12,29,-3,-1,-1,1]|[4,-23,52,-59,32,-3,1]
8.0.27758225664.1|[25,0,148,0,110,0,20,0,1]|[50,-70,8,20,6,-2,1]
8.0.27950489856.1|[52,-124,202,-172,127,-52,22,-4,1]|[12,0,36,0,15,0,1]
8.0.28327919481.1|[73,95,45,35,12,-7,5,-3,1]|[4,-19,38,-39,22,-3,1]
8.0.29032070544.1|[4,0,24,0,40,0,15,0,1]|[47,-55,70,-31,18,-3,1]
8.0.29586752064.1|[4,0,31,0,59,0,17,0,1]|[41,-69,86,-35,20,-3,1]
8.0.30181070529.1|[9,21,70,-43,53,-7,8,-1,1]|[48,0,61,0,17,0,1]
8.0.30409779456.1|[25,0,82,0,59,0,14,0,1]|[12,0,29,0,14,0,1]
8.0.31015436544.2|[21,-102,232,-282,197,-70,28,-4,1]|[110,31,-53,-14,12,-3,1]
8.0.31205929104.1|[4,0,68,0,53,0,13,0,1]|[10,-28,41,-27,16,-3,1]
8.0.31435290000.2|[36,36,84,-36,64,-4,9,-1,1]|[27,-9,6,-9,2,-1,1]
8.0.31816213641.1|[16,4,29,9,47,12,11,-2,1]|[415,283,44,-5,-7,-2,1]
8.0.32897616129.1|[16,0,83,0,98,0,19,0,1]|[43,-94,113,-39,22,-3,1]
8.0.32956408521.1|[9,0,45,0,55,0,14,0,1]|[3,0,37,0,14,0,1]
8.0.33481314441.1|[84,90,43,21,15,-4,9,-3,1]|[40,-66,87,-43,24,-3,1]
8.0.35283489921.1|[9,0,48,0,54,0,15,0,1]|[16,-45,60,-31,18,-3,1]
8.0.36404640000.7|[4,4,16,-12,34,-4,6,0,1]|[343,-98,-7,-2,-1,-2,1]
8.0.38296924416.1|[31,160,238,80,35,32,4,-2,1]|[48,0,96,0,24,0,1]
8.0.39475331856.1|[625,-250,-50,50,-3,10,-2,-2,1]|[343,-49,-42,19,-6,-1,1]
8.0.41870981376.7|[1,6,46,-60,99,-12,10,0,1]|[146,-126,52,-14,4,0,1]
8.0.45159650064.1|[625,-250,-50,40,-21,8,-2,-2,1]|[180,138,17,8,1,-2,1]
8.0.47237110281.1|[9,0,60,0,82,0,19,0,1]|[36,-81,100,-39,22,-3,1]
8.0.48097753344.1|[1,0,30,0,79,0,18,0,1]|[48,0,85,0,18,0,1]
8.0.49369284864.1|[219,228,70,72,23,4,10,-2,1]|[75,0,139,0,25,0,1]
8.0.50156289936.1|[16,0,128,0,104,0,19,0,1]|[61,-91,110,-39,22,-3,1]
8.0.53562159225.1|[163,300,168,-6,-10,12,0,-3,1]|[181,-164,193,-59,32,-3,1]
8.0.54151151616.11|[4,0,80,0,68,0,16,0,1]|[3,0,11,0,7,0,1]
8.0.56248660224.2|[36,36,72,-12,42,0,10,-2,1]|[12,0,36,0,24,0,1]
8.0.57196070649.1|[25,0,333,0,145,0,21,0,1]|[68,-73,94,-43,24,-3,1]
8.0.57364082064.1|[25,0,92,0,74,0,16,0,1]|[12,0,44,0,16,0,1]
8.0.58246926336.1|[625,-250,250,-160,57,-32,10,-2,1]|[3,0,13,0,8,0,1]
8.0.58594980096.6|[36,192,310,94,-45,-4,6,-2,1]|[180,-36,81,66,4,-2,1]
8.0.58664715264.6|[4,0,56,0,125,0,22,0,1]|[198,114,52,-14,-5,-3,1]
8.0.59610199104.1|[4,0,32,0,41,0,13,0,1]|[10,-34,47,-27,16,-3,1]
8.0.62748747009.1|[64,0,123,0,70,0,15,0,1]|[5,-22,37,-31,18,-3,1]
8.0.64560711744.1|[64,0,144,0,97,0,21,0,1]|[92,-88,109,-43,24,-3,1]
8.0.65940076944.1|[64,0,139,0,83,0,17,0,1]|[11,-39,56,-35,20,-3,1]
8.0.66872408409.1|[1,0,36,0,58,0,15,0,1]|[14,-55,70,-31,18,-3,1]
8.0.67558406400.5|[25,-120,206,-190,141,-58,24,-4,1]|[75,0,71,0,17,0,1]
8.0.69423818256.1|[64,0,160,0,89,0,17,0,1]|[8,-36,53,-35,20,-3,1]
8.0.71040906225.1|[9,9,30,-15,49,1,8,-1,1]|[40,-65,82,-35,20,-3,1]
8.0.71256963600.1|[172,208,136,64,30,8,7,-1,1]|[12,0,52,0,20,0,1]
8.0.74227912704.2|[43,-94,156,-138,105,-46,20,-4,1]|[3,0,11,0,10,0,1]
8.0.74640425616.1|[463,-562,774,-450,291,-82,32,-4,1]|[3,0,83,0,25,0,1]
8.0.77680378944.3|[4,0,84,0,85,0,18,0,1]|[48,0,73,0,18,0,1]
8.0.81889834896.1|[4,0,39,0,79,0,21,0,1]|[131,-115,136,-43,24,-3,1]
8.0.82338580809.1|[259,156,180,6,32,-12,6,-3,1]|[75,0,82,0,23,0,1]
8.0.84422789136.1|[625,0,150,-90,13,-18,6,0,1]|[537,-243,274,-63,34,-3,1]
8.0.84862681344.3|[9,12,37,-28,46,-8,7,0,1]|[1252,298,198,-36,8,-1,1]
8.0.85508871561.1|[228,156,175,27,38,-5,7,-2,1]|[33,-54,73,-39,22,-3,1]
8.0.90041404761.1|[1,0,96,0,70,0,15,0,1]|[32,-49,64,-31,18,-3,1]
8.0.91342368441.1|[9,0,96,0,94,0,19,0,1]|[18,-75,94,-39,22,-3,1]
8.0.91669067361.1|[109,-351,512,-346,234,-76,30,-4,1]|[147,0,110,0,23,0,1]
8.0.92998161936.1|[625,-125,25,10,-42,2,1,-1,1]|[25,-107,142,-71,38,-3,1]
8.0.93547892736.2|[9,18,54,-24,45,0,10,-2,1]|[3,0,12,0,9,0,1]
8.0.94585772304.1|[4,0,92,0,149,0,25,0,1]|[46,-148,173,-51,28,-3,1]
8.0.97649375121.1|[732,222,247,27,69,-14,15,-3,1]|[72,-114,139,-51,28,-3,1]
8.0.99071969049.1|[25,0,107,0,74,0,16,0,1]|[27,0,44,0,16,0,1]
8.0.106832883609.1|[169,-247,335,164,60,-36,-9,-1,1]|[12,0,137,0,26,0,1]
8.0.109532535849.1|[225,0,303,0,130,0,20,0,1]|[3,0,40,0,20,0,1]
8.0.109693440000.52|[292,-352,486,-288,195,-64,26,-4,1]|[3,0,17,0,11,0,1]
8.0.112133228769.1|[256,-192,48,36,-41,9,3,-3,1]|[166,-221,250,-59,32,-3,1]
8.0.113517781776.1|[1,7,59,-68,106,-4,11,-1,1]|[48,0,89,0,22,0,1]
8.0.114612039936.1|[49,-144,238,-206,149,-58,24,-4,1]|[27,0,55,0,17,0,1]
8.0.114740045289.1|[16,-4,41,26,94,22,14,-2,1]|[220,-142,167,-51,28,-3,1]
8.0.115179463161.1|[733,-1174,804,-208,-69,56,-7,-3,1]|[28,-109,134,-51,28,-3,1]
8.0.115987243761.1|[1,0,34,0,71,0,17,0,1]|[17,-72,89,-35,20,-3,1]
8.0.116429041089.1|[27,-99,172,-162,122,-52,22,-4,1]|[27,0,46,0,15,0,1]
8.0.118223194896.1|[4,0,103,0,83,0,17,0,1]|[17,-57,74,-35,20,-3,1]
8.0.118725039225.1|[121,0,179,0,86,0,16,0,1]|[3,0,20,0,16,0,1]
8.0.119563808400.1|[1084,920,324,116,-18,-22,-1,-3,1]|[343,-49,0,-3,0,-1,1]
8.0.119694548961.1|[301,124,154,0,46,-10,12,-3,1]|[27,0,134,0,23,0,1]
8.0.120305616201.1|[4,18,97,-68,71,-10,9,-1,1]|[75,0,82,0,19,0,1]
8.0.121030931025.1|[256,-64,64,16,11,4,4,-1,1]|[75,0,84,0,24,0,1]
8.0.122022366489.1|[1,15,86,165,137,33,-8,-3,1]|[343,-49,0,-6,0,-1,1]
8.0.122418813456.1|[208,228,141,57,8,-15,0,-3,1]|[253,-227,256,-59,32,-3,1]
8.0.122702383521.1|[4,0,27,0,46,0,15,0,1]|[29,-52,67,-31,18,-3,1]
8.0.123839944281.1|[121,0,181,0,89,0,17,0,1]|[8,-27,44,-35,20,-3,1]
8.0.127689016896.1|[1132,890,261,149,-12,-19,2,-3,1]|[343,-98,0,0,0,-2,1]
8.0.132656936841.1|[225,0,312,0,142,0,23,0,1]|[52,-77,100,-47,26,-3,1]
8.0.136539857169.1|[9,0,78,0,115,0,25,0,1]|[225,-162,187,-51,28,-3,1]
8.0.137759745600.1|[208,220,163,39,10,-13,0,-3,1]|[41,-129,158,-59,32,-3,1]
8.0.137779788969.1|[9,0,54,0,67,0,17,0,1]|[25,-62,79,-35,20,-3,1]
8.0.138214419984.1|[183,228,154,36,17,4,4,-2,1]|[15,-51,76,-51,28,-3,1]
8.0.142428495609.1|[49,-14,74,34,91,14,11,-1,1]|[26,-105,128,-47,26,-3,1]
8.0.142448875776.1|[36,36,84,-24,70,4,12,-2,1]|[3,0,19,0,21,0,1]
8.0.145790330625.1|[529,0,601,0,215,0,26,0,1]|[343,-98,-42,33,-6,-2,1]
8.0.148108752801.1|[25,0,178,0,95,0,17,0,1]|[23,-42,59,-35,20,-3,1]
8.0.149441776929.1|[4,0,111,0,85,0,18,0,1]|[75,0,73,0,18,0,1]
8.0.149880476736.1|[513,513,196,99,-6,-17,0,-3,1]|[48,0,136,0,27,0,1]
8.0.151032499641.1|[1,0,32,0,86,0,19,0,1]|[22,-91,110,-39,22,-3,1]
8.0.152462916225.1|[111,-171,256,-186,134,-52,22,-4,1]|[3,0,22,0,15,0,1]
8.0.154663652529.1|[192,-528,748,-468,305,-88,34,-4,1]|[192,0,148,0,27,0,1]
8.0.155088678969.1|[189,63,28,23,-41,5,8,-3,1]|[92,-145,172,-55,30,-3,1]
8.0.157051312209.1|[1201,643,279,10,-96,-17,2,0,1]|[343,-98,0,-9,0,-2,1]
8.0.159371019369.1|[48,-228,457,-420,158,-2,-8,-2,1]|[192,0,121,0,21,0,1]
8.0.160148034225.1|[61,-205,318,-246,174,-64,26,-4,1]|[75,0,74,0,19,0,1]
8.0.164674451601.1|[121,0,203,0,104,0,19,0,1]|[16,-46,65,-39,22,-3,1]
8.0.170532657936.1|[64,0,236,0,116,0,19,0,1]|[19,-49,68,-39,22,-3,1]
8.0.173398953744.1|[196,0,320,0,149,0,22,0,1]|[12,0,65,0,22,0,1]
8.0.176017167936.1|[657,357,184,51,42,-5,12,-3,1]|[90,-138,169,-63,34,-3,1]
8.0.176470567056.1|[4,0,96,0,172,0,27,0,1]|[59,-175,202,-55,30,-3,1]
8.0.179256551769.1|[256,-128,16,32,-37,8,1,-2,1]|[88,-102,129,-55,30,-3,1]
8.0.179637802569.1|[49,0,188,0,110,0,19,0,1]|[118,-97,116,-39,22,-3,1]
8.0.183989523600.1|[1296,-216,-396,36,72,6,-11,-1,1]|[36,-108,133,-51,28,-3,1]
8.0.184151698641.1|[559,-591,782,-406,264,-76,30,-4,1]|[27,0,50,0,23,0,1]
8.0.189778724496.1|[208,268,127,3,4,11,6,-3,1]|[27,0,155,0,29,0,1]
8.0.189943430625.2|[1,-15,84,-135,82,0,-9,0,1]|[27,-18,6,-3,2,-2,1]
8.0.191003961600.1|[12,-60,130,-156,119,-52,22,-4,1]|[12,0,52,0,15,0,1]
8.0.193252556025.1|[256,-64,48,-20,29,-5,3,-1,1]|[75,0,176,0,28,0,1]
8.0.194108092929.1|[121,0,202,0,95,0,17,0,1]|[5,-24,41,-35,20,-3,1]
8.0.194131884816.1|[4,0,28,0,53,0,17,0,1]|[62,-72,89,-35,20,-3,1]
8.0.196741925136.3|[324,0,372,0,141,0,21,0,1]|[10,-36,57,-43,24,-3,1]
8.0.198630662400.1|[625,-500,100,-50,45,-10,4,-4,1]|[300,0,196,0,32,0,1]
8.0.198799165161.1|[181,-360,530,-364,243,-76,30,-4,1]|[48,0,92,0,23,0,1]
8.0.199811682009.1|[199,252,120,66,2,-12,0,-3,1]|[79,-206,235,-59,32,-3,1]
8.0.202767388209.1|[196,0,251,0,110,0,19,0,1]|[13,-34,53,-39,22,-3,1]
8.0.203408216064.6|[1,10,112,-116,163,4,16,-2,1]|[12,0,27,0,12,0,1]
8.0.204448665600.3|[2401,-686,294,-112,-19,-16,6,-2,1]|[3,0,11,0,8,0,1]
8.0.204912844929.1|[4,0,99,0,70,0,15,0,1]|[17,-40,55,-31,18,-3,1]
8.0.208645227729.1|[1,0,131,0,104,0,19,0,1]|[40,-82,101,-39,22,-3,1]
8.0.210524051241.1|[25,0,72,0,58,0,15,0,1]|[14,-37,52,-31,18,-3,1]
8.0.211342478400.1|[36,0,204,0,181,0,26,0,1]|[48,0,145,0,26,0,1]
8.0.212809683969.1|[9,0,141,0,127,0,22,0,1]|[75,0,109,0,22,0,1]
8.0.214032068496.1|[64,0,140,0,92,0,19,0,1]|[12,0,44,0,19,0,1]
8.0.214306962489.1|[256,-32,212,58,151,17,14,-1,1]|[23,-99,128,-59,32,-3,1]
8.0.215809489809.1|[4,0,31,0,53,0,14,0,1]|[3,0,41,0,14,0,1]
8.0.216261271521.1|[625,-125,-200,-5,57,-1,-8,-1,1]|[160,-119,142,-47,26,-3,1]
8.0.218956613184.1|[676,0,976,0,281,0,29,0,1]|[50,-90,119,-59,32,-3,1]
8.0.220475324304.1|[196,0,500,0,197,0,25,0,1]|[34,-88,113,-51,28,-3,1]
8.0.226679779881.1|[9,-9,42,39,115,17,12,-1,1]|[180,-159,184,-51,28,-3,1]
8.0.227460317184.2|[9,-72,228,-288,147,0,-12,0,1]|[48,0,84,0,18,0,1]
8.0.228844554129.1|[16,4,41,-2,97,8,11,-1,1]|[3,0,86,0,23,0,1]
8.0.229283914896.1|[292,156,111,27,38,-9,12,-3,1]|[55,-89,112,-47,26,-3,1]
8.0.230604525369.1|[400,0,403,0,140,0,20,0,1]|[3,0,20,0,20,0,1]
8.0.230708263041.1|[16,0,228,0,133,0,21,0,1]|[104,-106,127,-43,24,-3,1]
8.0.238766117769.1|[25,0,108,0,70,0,15,0,1]|[8,-31,46,-31,18,-3,1]
8.0.240060801600.1|[400,0,452,0,161,0,22,0,1]|[12,0,41,0,22,0,1]
8.0.240140181681.1|[237,207,121,92,-2,-19,-4,0,1]|[3,0,154,0,27,0,1]
8.0.242820301824.1|[64,0,400,0,185,0,26,0,1]|[192,0,137,0,26,0,1]
8.0.244953725184.1|[36,0,132,0,112,0,20,0,1]|[12,0,76,0,20,0,1]
8.0.245675861649.1|[241,220,94,60,16,-10,6,-3,1]|[5,-24,47,-47,26,-3,1]
8.0.246747647169.1|[841,0,781,0,227,0,26,0,1]|[343,-98,-42,27,-6,-2,1]
8.0.250976952576.11|[112,-288,452,-352,237,-76,30,-4,1]|[48,0,104,0,23,0,1]
8.0.251301690000.1|[16,0,352,0,164,0,23,0,1]|[161,-123,146,-47,26,-3,1]
8.0.253118665881.1|[121,0,254,0,143,0,22,0,1]|[12,0,77,0,22,0,1]
8.0.254315464209.1|[25,0,73,0,59,0,14,0,1]|[3,0,29,0,14,0,1]
8.0.256416653376.1|[4,-18,5,99,128,33,-8,-3,1]|[277,-169,194,-51,28,-3,1]
8.0.258471576801.1|[147,-639,1063,-813,260,-2,-11,-2,1]|[507,0,214,0,27,0,1]
8.0.259020941481.1|[9,45,258,-159,133,-19,12,-1,1]|[27,0,100,0,24,0,1]
8.0.261141440400.1|[529,0,535,0,176,0,23,0,1]|[8,-36,59,-47,26,-3,1]
8.0.263390662656.10|[183,-384,372,-30,15,-30,4,-2,1]|[3,0,18,0,9,0,1]
8.0.265352735376.1|[4,0,36,0,52,0,15,0,1]|[17,-49,64,-31,18,-3,1]
8.0.265436192025.5|[49,70,170,-86,103,-10,11,-1,1]|[12,0,137,0,25,0,1]
8.0.265547487969.1|[793,872,608,158,6,-30,-6,-1,1]|[75,0,302,0,35,0,1]
8.0.268141694976.1|[1296,-432,36,-108,63,-18,1,-2,1]|[12,0,37,0,12,0,1]
8.0.269037241344.1|[1348,352,74,160,-69,-24,3,-2,1]|[343,-49,-21,-6,-3,-1,1]
8.0.281044178496.1|[148,666,723,-185,4,-27,-2,-1,1]|[48,0,89,0,38,0,1]
8.0.283799121984.1|[1396,482,441,-7,84,-7,14,-3,1]|[83,-159,188,-59,32,-3,1]
8.0.286798807296.1|[9,0,114,0,127,0,22,0,1]|[48,0,109,0,22,0,1]
8.0.287145939600.1|[228,240,88,64,10,-8,5,-3,1]|[5,-25,52,-55,30,-3,1]
8.0.289930556304.1|[16,0,291,0,139,0,21,0,1]|[137,-103,124,-43,24,-3,1]
8.0.294337715841.1|[4,0,35,0,62,0,19,0,1]|[109,-94,113,-39,22,-3,1]
8.0.296715520656.1|[64,0,256,0,161,0,29,0,1]|[404,-204,233,-59,32,-3,1]
8.0.306561542400.1|[13,-72,158,-190,141,-58,24,-4,1]|[27,0,71,0,17,0,1]
8.0.311454402561.1|[400,0,452,0,173,0,25,0,1]|[64,-82,107,-51,28,-3,1]
8.0.312479882001.1|[247,171,117,36,-43,-18,0,0,1]|[70,-107,136,-59,32,-3,1]
8.0.316416375081.1|[1,18,120,216,163,36,-9,-3,1]|[512,-217,244,-55,30,-3,1]
8.0.316416375081.2|[79,-311,651,-594,213,-2,-10,-2,1]|[300,0,161,0,25,0,1]
8.0.317541266064.1|[64,0,187,0,95,0,17,0,1]|[11,-33,50,-35,20,-3,1]
8.0.333936048384.1|[1,8,74,-76,115,4,14,-2,1]|[75,0,107,0,25,0,1]
8.0.342351371664.1|[64,0,243,0,235,0,33,0,1]|[509,209,0,9,4,-3,1]
8.0.342572578209.1|[400,0,488,0,185,0,25,0,1]|[28,-76,101,-51,28,-3,1]
8.0.347552695296.1|[709,-822,1100,-586,369,-94,36,-4,1]|[27,0,119,0,29,0,1]
8.0.356007928896.1|[1296,-216,36,72,-54,12,1,-1,1]|[192,0,169,0,34,0,1]
8.0.357039710784.1|[49,7,71,4,94,8,11,-1,1]|[172,-208,239,-63,34,-3,1]
8.0.364401773649.1|[121,0,295,0,152,0,23,0,1]|[20,-84,107,-47,26,-3,1]
8.0.367014237489.1|[289,0,411,0,184,0,27,0,1]|[116,-124,151,-55,30,-3,1]
8.0.368979708969.1|[2401,-343,294,7,71,1,6,-1,1]|[343,-49,-42,18,-6,-1,1]
8.0.376231344129.1|[49,0,174,0,127,0,21,0,1]|[107,-118,139,-43,24,-3,1]
8.0.380216524689.1|[625,-125,225,-45,61,-9,9,-1,1]|[243,0,241,0,30,0,1]
8.0.380916089856.1|[400,0,568,0,209,0,26,0,1]|[343,0,-35,-8,-5,0,1]
8.0.384222700449.1|[196,0,299,0,122,0,19,0,1]|[7,-28,47,-39,22,-3,1]
8.0.390136402881.1|[64,0,195,0,166,0,27,0,1]|[125,-160,187,-55,30,-3,1]
8.0.390406280625.2|[36,0,123,0,118,0,23,0,1]|[343,-98,-14,33,-2,-2,1]
8.0.390406280625.4|[121,0,290,0,167,0,25,0,1]|[89,-115,55,4,4,-1,1]
8.0.394906669056.1|[121,0,312,0,166,0,24,0,1]|[48,0,61,0,16,0,1]
8.0.398034810000.2|[196,0,279,0,127,0,21,0,1]|[23,-55,76,-43,24,-3,1]
8.0.405805946841.1|[289,0,333,0,133,0,21,0,1]|[20,-43,64,-43,24,-3,1]
8.0.407907032976.1|[2401,-686,0,98,-97,14,0,-2,1]|[343,-49,-42,15,-6,-1,1]
8.0.411640294464.1|[292,-820,476,296,117,-45,-12,-1,1]|[76,-304,341,-75,40,-3,1]
8.0.415355759361.1|[4,0,51,0,58,0,15,0,1]|[11,-46,61,-31,18,-3,1]
8.0.415669036176.1|[1129,-1032,1324,-614,383,-94,36,-4,1]|[461,257,36,-15,-8,-3,1]
8.0.416888457561.1|[28,-120,209,-196,144,-58,24,-4,1]|[48,0,65,0,17,0,1]
8.0.421959373056.1|[1,6,49,-78,168,-12,13,0,1]|[27,0,71,0,29,0,1]
8.0.423750223521.1|[1929,-1083,259,-148,-24,40,-9,-1,1]|[192,0,244,0,35,0,1]
8.0.424805436441.1|[625,-125,175,25,27,5,7,-1,1]|[147,0,121,0,26,0,1]
8.0.428438320704.1|[196,0,608,0,209,0,25,0,1]|[70,-82,107,-51,28,-3,1]
8.0.434681764416.1|[4,0,48,0,73,0,21,0,1]|[170,-118,139,-43,24,-3,1]
8.0.440647698969.1|[4,0,59,0,68,0,16,0,1]|[27,0,56,0,16,0,1]
8.0.442837011600.1|[4,0,72,0,64,0,15,0,1]|[11,-43,58,-31,18,-3,1]
8.0.444815633025.1|[100,70,149,-50,97,-4,11,-1,1]|[243,0,242,0,31,0,1]
8.0.447701501025.1|[109,-303,466,-350,236,-76,30,-4,1]|[75,0,106,0,23,0,1]
8.0.452180933136.1|[625,0,-150,-30,37,-6,-6,0,1]|[75,0,103,0,25,0,1]
8.0.452229350400.1|[100,120,274,-156,159,-24,13,0,1]|[218,126,-20,14,7,-3,1]
8.0.452314086849.1|[121,77,148,-41,77,-5,10,-1,1]|[409,-126,171,-37,21,-3,1]
8.0.454811313609.1|[775,-835,266,59,-39,-15,6,-1,1]|[196,-343,380,-75,40,-3,1]
8.0.458314106121.1|[25,0,73,0,65,0,17,0,1]|[38,-57,74,-35,20,-3,1]
8.0.459228496896.1|[196,0,356,0,149,0,22,0,1]|[194,126,40,-10,-5,-3,1]
8.0.460546820496.1|[1168,872,228,140,0,-10,5,-3,1]|[12,0,44,0,35,0,1]
8.0.465654747321.1|[1213,1693,1024,246,-26,-43,-12,0,1]|[48,0,125,0,29,0,1]
8.0.468016069689.1|[121,0,188,0,98,0,19,0,1]|[28,-49,68,-39,22,-3,1]
8.0.469346937921.1|[25,0,103,0,104,0,23,0,1]|[152,-126,149,-47,26,-3,1]
8.0.475321998096.1|[796,-1594,663,132,-26,48,-6,-2,1]|[926,698,135,-18,-14,0,1]
8.0.478753286400.10|[4,0,148,0,104,0,20,0,1]|[108,0,92,0,20,0,1]
8.0.483848230464.1|[289,0,771,0,244,0,27,0,1]|[86,-94,121,-55,30,-3,1]
8.0.488781358641.1|[133,-571,840,-570,366,-100,38,-4,1]|[363,0,230,0,31,0,1]
8.0.489725638416.1|[1296,-432,36,72,-72,12,1,-2,1]|[1728,-288,-120,48,-10,-2,1]
8.0.495030445056.1|[2401,-686,441,-238,32,-34,9,-2,1]|[222,114,-8,10,7,-3,1]
8.0.496246984704.1|[2503,-1612,1968,-744,453,-100,38,-4,1]|[3,0,17,0,19,0,1]
8.0.518853699225.1|[625,0,75,-75,10,-15,3,0,1]|[429,-240,277,-75,40,-3,1]
8.0.522724662009.1|[1,0,61,0,77,0,17,0,1]|[20,-69,86,-35,20,-3,1]
8.0.522763704576.1|[16,-144,496,-576,260,0,-16,0,1]|[429,96,-137,-28,15,-2,1]
8.0.531545981184.1|[1,-24,203,-264,122,0,-11,0,1]|[192,0,125,0,22,0,1]
8.0.537032480625.1|[25,-110,419,-296,196,-31,14,-1,1]|[27,0,77,0,34,0,1]
8.0.539766457344.1|[4,0,152,0,125,0,22,0,1]|[108,0,113,0,22,0,1]
8.0.541990440000.1|[1228,968,176,56,-21,-6,3,-4,1]|[58,278,353,-93,-6,-3,1]
8.0.543104145936.1|[625,-125,-200,25,42,5,-8,-1,1]|[25,-83,106,-47,26,-3,1]
8.0.549930514329.1|[133,-592,858,-564,363,-100,38,-4,1]|[432,0,236,0,31,0,1]
8.0.557847659664.1|[9,0,159,0,232,0,31,0,1]|[72,-228,259,-63,34,-3,1]
8.0.558937159641.1|[1,0,55,0,98,0,20,0,1]|[75,0,104,0,20,0,1]
8.0.560714918481.1|[289,0,414,0,151,0,21,0,1]|[11,-34,55,-43,24,-3,1]
8.0.561132831744.3|[36,0,120,0,93,0,18,0,1]|[12,0,57,0,18,0,1]
8.0.561685794849.1|[21,-75,148,-162,122,-52,22,-4,1]|[3,0,46,0,15,0,1]
8.0.568709040384.1|[625,-500,150,30,-41,6,6,-4,1]|[405,414,137,34,9,-2,1]
8.0.583133831424.1|[121,0,334,0,191,0,26,0,1]|[48,0,125,0,26,0,1]
8.0.583463767104.3|[421,-618,884,-562,357,-94,36,-4,1]|[3,0,143,0,29,0,1]
8.0.583752537369.1|[1,21,160,273,191,39,-10,-3,1]|[638,-249,278,-59,32,-3,1]
8.0.588410192241.1|[625,-375,150,-15,13,-3,6,-3,1]|[114,-117,148,-63,34,-3,1]
8.0.591244117776.1|[576,0,672,0,241,0,29,0,1]|[52,-116,145,-59,32,-3,1]
8.0.599703104025.1|[1296,-216,36,54,-63,9,1,-1,1]|[1728,-144,-120,36,-10,-1,1]
8.0.600916435344.1|[64,0,656,0,284,0,31,0,1]|[109,-187,218,-63,34,-3,1]
8.0.605235764961.1|[64,0,171,0,97,0,18,0,1]|[27,0,49,0,18,0,1]
8.0.606076263081.1|[48,-216,424,-444,293,-88,34,-4,1]|[48,0,172,0,27,0,1]
8.0.612990345969.1|[4,-18,7,90,107,30,-7,-3,1]|[245,-144,167,-47,26,-3,1]
8.0.613666990161.1|[25,0,123,0,160,0,27,0,1]|[128,-172,199,-55,30,-3,1]
8.0.616928560704.1|[1296,-216,36,0,-54,0,1,-1,1]|[1728,-288,-120,36,-10,-2,1]
8.0.619986161664.1|[36,0,66,24,115,22,15,-2,1]|[12,0,25,0,12,0,1]
8.0.628647594129.1|[9,18,69,-60,124,-1,12,-1,1]|[507,0,262,0,31,0,1]
8.0.636722606601.1|[225,0,348,0,154,0,23,0,1]|[22,-71,94,-47,26,-3,1]
8.0.637282890000.1|[64,0,316,0,185,0,26,0,1]|[108,0,137,0,26,0,1]
8.0.640520105625.1|[529,0,579,0,190,0,24,0,1]|[27,0,52,0,24,0,1]
8.0.646063895961.1|[1,0,270,0,223,0,30,0,1]|[300,0,229,0,30,0,1]
8.0.646454592576.1|[592,872,756,428,30,-58,-13,0,1]|[300,0,248,0,31,0,1]
8.0.646975705104.1|[67,-172,288,-252,177,-64,26,-4,1]|[12,0,68,0,19,0,1]
8.0.651457222641.1|[57,-123,202,-174,128,-52,22,-4,1]|[3,0,34,0,15,0,1]
8.0.654002159616.13|[324,0,480,0,180,0,24,0,1]|[75,0,63,0,15,0,1]
8.0.655691823504.1|[739,-896,504,-218,39,-2,2,0,1]|[7,-31,62,-63,34,-3,1]
8.0.686836507536.1|[3972,1776,568,240,18,-20,9,-3,1]|[479,251,0,3,-2,-3,1]
8.0.689703674256.1|[400,0,448,0,164,0,23,0,1]|[17,-51,74,-47,26,-3,1]
8.0.690017632929.1|[1296,-432,36,72,-81,12,1,-2,1]|[1728,-144,-120,24,-10,-1,1]
8.0.694915635456.1|[427,-1120,624,144,139,-12,0,-2,1]|[182,138,12,10,2,-2,1]
8.0.698476391001.1|[37,-208,474,-564,363,-100,38,-4,1]|[48,0,236,0,31,0,1]
8.0.704491635600.1|[400,0,508,0,176,0,23,0,1]|[11,-45,68,-47,26,-3,1]
8.0.706487318784.1|[4,0,44,0,68,0,16,0,1]|[12,0,56,0,16,0,1]
8.0.706623490881.1|[64,0,131,0,86,0,19,0,1]|[49,-64,83,-39,22,-3,1]
8.0.714452634009.1|[289,0,487,0,176,0,23,0,1]|[20,-54,77,-47,26,-3,1]
8.0.716828075649.1|[196,0,255,0,109,0,18,0,1]|[3,0,25,0,18,0,1]
8.0.717605517456.1|[324,0,900,0,277,0,29,0,1]|[106,-116,145,-59,32,-3,1]
8.0.721774282329.1|[256,0,556,0,245,0,29,0,1]|[428,-234,263,-59,32,-3,1]
8.0.728948826225.1|[61,-291,569,-509,186,-2,-9,-2,1]|[243,0,146,0,23,0,1]
8.0.736344191025.1|[64,0,211,0,185,0,26,0,1]|[3,0,137,0,26,0,1]
8.0.751106488896.1|[625,-125,-125,-20,42,-4,-5,-1,1]|[145,-137,166,-59,32,-3,1]
8.0.755605993536.1|[3648,-1920,235,-48,174,-38,0,0,1]|[729,0,-18,-6,-2,0,1]
8.0.755934608025.1|[1296,-216,36,18,-63,3,1,-1,1]|[1728,-144,-120,12,-10,-1,1]
8.0.758425007376.1|[36,72,210,-120,127,-13,12,-1,1]|[12,0,169,0,30,0,1]
8.0.765920778561.1|[400,0,547,0,182,0,23,0,1]|[17,-42,65,-47,26,-3,1]
8.0.769564053504.1|[172,-944,1596,-292,-115,26,-3,-2,1]|[212,108,28,-4,1,-3,1]
8.0.775449315216.1|[4,0,32,0,68,0,19,0,1]|[79,-91,110,-39,22,-3,1]
8.0.775449315216.2|[324,0,495,0,223,0,29,0,1]|[79,-143,172,-59,32,-3,1]
8.0.779401168569.1|[316,-550,753,-432,282,-82,32,-4,1]|[108,0,101,0,25,0,1]
8.0.784972964169.1|[625,0,-75,-45,22,-9,-3,0,1]|[75,0,118,0,31,0,1]
8.0.797429354121.1|[25,0,143,0,206,0,28,0,1]|[3,0,176,0,28,0,1]
8.0.799359376761.1|[4,0,35,0,68,0,16,0,1]|[3,0,56,0,16,0,1]
8.0.816834556521.1|[289,0,490,0,203,0,26,0,1]|[48,0,101,0,26,0,1]
8.0.818201657025.1|[2223,-1470,-14,34,139,-38,-4,0,1]|[1200,0,421,0,42,0,1]
8.0.821722307121.1|[16,0,179,0,110,0,19,0,1]|[85,-88,107,-39,22,-3,1]
8.0.822946522896.1|[4,-24,26,132,131,33,-8,-3,1]|[334,-172,197,-51,28,-3,1]
8.0.825888358656.1|[121,0,210,0,103,0,18,0,1]|[12,0,37,0,18,0,1]
8.0.832773054096.1|[16,-120,356,-420,200,0,-14,0,1]|[300,0,212,0,28,0,1]
8.0.834350711184.1|[121,0,232,0,122,0,20,0,1]|[12,0,56,0,20,0,1]
8.0.840593751921.1|[4351,4556,1060,-127,94,68,-2,-1,1]|[256,-33,135,-38,15,0,1]
8.0.842211833841.1|[1,0,94,0,83,0,17,0,1]|[29,-66,83,-35,20,-3,1]
8.0.856444746249.1|[25,-30,91,76,110,23,12,-1,1]|[79,17,54,-2,9,-1,1]
8.0.861549670809.1|[63,-264,445,-388,260,-82,32,-4,1]|[108,0,145,0,25,0,1]
8.0.868228876944.1|[49,0,367,0,164,0,23,0,1]|[206,-132,155,-47,26,-3,1]
8.0.869034128400.1|[75,-360,721,-660,242,-2,-11,-2,1]|[300,0,196,0,27,0,1]
8.0.871805027025.1|[163,-277,402,-270,186,-64,26,-4,1]|[27,0,50,0,19,0,1]
8.0.881715366009.1|[121,0,201,0,109,0,21,0,1]|[62,-73,94,-43,24,-3,1]
8.0.889490424384.1|[4,0,40,0,65,0,17,0,1]|[26,-66,83,-35,20,-3,1]
8.0.892140699024.1|[36,0,303,0,223,0,29,0,1]|[43,-179,208,-59,32,-3,1]
8.0.899859034881.1|[25,0,178,0,179,0,26,0,1]|[48,0,149,0,26,0,1]
8.0.903140413569.1|[9,0,294,0,343,0,37,0,1]|[81,-324,361,-75,40,-3,1]
8.0.904834707984.1|[16,0,220,0,152,0,23,0,1]|[95,-129,152,-47,26,-3,1]
8.0.906427764225.1|[2073,1557,370,115,-14,-5,2,-3,1]|[300,0,301,0,38,0,1]
8.0.908073679041.1|[100,30,119,-33,111,-6,11,0,1]|[3,0,22,0,27,0,1]
8.0.909566578944.1|[400,0,1152,0,364,0,36,0,1]|[432,0,244,0,36,0,1]
8.0.915705455625.1|[100,50,125,-10,100,10,14,-2,1]|[48,0,92,0,31,0,1]
8.0.922746596409.1|[529,0,508,0,170,0,23,0,1]|[14,-39,62,-47,26,-3,1]
8.0.926953030656.1|[100,120,314,-204,279,-24,17,0,1]|[382,278,76,-2,-5,-1,1]
8.0.928409331600.1|[1444,0,1172,0,308,0,31,0,1]|[25,-85,116,-63,34,-3,1]
8.0.931064816889.1|[25,0,93,0,85,0,21,0,1]|[128,-103,124,-43,24,-3,1]
8.0.955240388496.1|[196,0,272,0,116,0,19,0,1]|[7,-31,50,-39,22,-3,1]
8.0.956930019984.1|[381,-432,592,-342,227,-70,28,-4,1]|[3,0,43,0,21,0,1]
8.0.959414373009.1|[1591,-1763,913,-222,-74,62,-9,-3,1]|[128,-204,233,-59,32,-3,1]
8.0.959625956025.1|[1,17,299,-166,133,-14,14,-2,1]|[48,0,92,0,35,0,1]
8.0.964074588129.1|[144,0,267,0,145,0,22,0,1]|[3,0,73,0,22,0,1]
8.0.967524042384.1|[64,0,720,0,340,0,36,0,1]|[432,0,292,0,36,0,1]
8.0.968108405625.1|[64,0,131,0,80,0,16,0,1]|[3,0,32,0,16,0,1]
8.0.973215791289.1|[1,15,88,195,185,39,-10,-3,1]|[482,-243,272,-59,32,-3,1]
8.0.978390026496.1|[39,-174,376,-378,152,-2,-8,-2,1]|[147,0,115,0,21,0,1]
8.0.982453651344.1|[189,-324,472,-318,215,-70,28,-4,1]|[27,0,67,0,21,0,1]
8.0.983256677649.1|[4,0,403,0,170,0,23,0,1]|[119,-102,125,-47,26,-3,1]
8.0.986472063369.2|[64,0,156,0,109,0,21,0,1]|[44,-82,103,-43,24,-3,1]
8.0.996580927521.1|[289,0,367,0,152,0,23,0,1]|[32,-66,89,-47,26,-3,1]
8.0.1042873948944.1|[625,-125,25,40,-42,8,1,-1,1]|[108,0,124,0,32,0,1]
8.0.1092248641449.1|[625,-125,25,-5,-33,-1,1,-1,1]|[25,-98,127,-59,32,-3,1]
8.0.1096937833104.1|[625,-125,-125,-10,54,-2,-5,-1,1]|[5,-27,56,-59,32,-3,1]
8.0.1296735620049.1|[625,-250,25,50,-57,10,1,-2,1]|[130,-149,184,-71,38,-3,1]
8.0.1352857439376.1|[625,-125,75,-30,46,-6,3,-1,1]|[108,0,280,0,36,0,1]
8.0.1362862451889.1|[625,-125,-75,-15,49,-3,-3,-1,1]|[5,-28,61,-67,36,-3,1]
8.0.1403826868224.39|[36,48,124,-56,110,4,14,-2,1]|[243,0,333,0,36,0,1]
8.0.1479616796025.1|[625,-125,25,25,-45,5,1,-1,1]|[75,0,121,0,38,0,1]
8.0.1509322817025.1|[625,-125,25,-25,45,-5,1,-1,1]|[75,0,281,0,38,0,1]
8.0.2232358715664.12|[4,6,31,-29,122,5,12,-1,1]|[729,-81,-18,39,-2,-1,1]
8.0.4001504141376.3|[529,-253,535,244,290,40,19,-1,1]|[1423,-1281,303,8,-3,-3,1]
8.0.9674588160000.44|[9,-132,1864,-1056,579,-88,24,0,1]|[48,0,72,0,21,0,1]
8.0.10793590329600.3|[277,1256,1864,490,-13,10,10,-4,1]|[229,24,171,-16,15,0,1]
8.0.27060804000000.3|[361,-556,762,-438,285,-82,32,-4,1]|[75,0,95,0,25,0,1]
8.0.50586916552704.8|[441,0,11172,0,1806,0,84,0,1]|[147,0,105,0,21,0,1]
8.0.334493080879104.26|[26901,48216,27118,4704,-69,-280,-30,0,1]|[147,0,189,0,27,0,1]
8.0.1490665382666496.9|[88633,-30754,33556,-5698,3085,-286,100,-4,1]|[16000,-384,1584,-80,66,-3,1]